,Loan_ID,Gender,Married,Dependents,Education,Self_Employed,ApplicantIncome,CoapplicantIncome,LoanAmount,Loan_Amount_Term,Credit_History,Property_Area,Loan_Status,LoanAmount_log,TotalIncome,TotalIncome_log,LoanByIncome
0,LP001002,Male,No,0,Graduate,No,5849,0.0,146.41216216216216,360.0,1.0,Urban,Y,4.986425672954842,5849.0,8.674025985443025,16.87937785843331
1,LP001003,Male,Yes,1,Graduate,No,4583,1508.0,128.0,360.0,1.0,Rural,N,4.852030263919617,6091.0,8.714567550836485,14.68804955074491
2,LP001005,Male,Yes,0,Graduate,Yes,3000,0.0,66.0,360.0,1.0,Urban,Y,4.189654742026425,3000.0,8.006367567650246,8.243438668326098
3,LP001006,Male,Yes,0,Not Graduate,No,2583,2358.0,120.0,360.0,1.0,Urban,Y,4.787491742782046,4941.0,8.50532301884575,14.108811591765399
4,LP001008,Male,No,0,Graduate,No,6000,0.0,141.0,360.0,1.0,Urban,Y,4.948759890378168,6000.0,8.699514748210191,16.207800559106914
5,LP001011,Male,Yes,2,Graduate,Yes,5417,4196.0,267.0,360.0,1.0,Urban,Y,5.58724865840025,9613.0,9.170871628065816,29.113917501897436
6,LP001013,Male,Yes,0,Not Graduate,No,2333,1516.0,95.0,360.0,1.0,Urban,Y,4.553876891600541,3849.0,8.255568653283746,11.507384165742803
7,LP001014,Male,Yes,3+,Graduate,No,3036,2504.0,158.0,360.0,0.0,Semiurban,N,5.062595033026967,5540.0,8.61974977974133,18.329998438161326
8,LP001018,Male,Yes,2,Graduate,No,4006,1526.0,168.0,360.0,1.0,Urban,Y,5.123963979403259,5532.0,8.61830469278465,19.493392957045447
9,LP001020,Male,Yes,1,Graduate,No,12841,10968.0,349.0,360.0,1.0,Semiurban,N,5.855071922202427,23809.0,10.077818939438902,34.630509051339544
10,LP001024,Male,Yes,2,Graduate,No,3200,700.0,70.0,360.0,1.0,Urban,Y,4.248495242049359,3900.0,8.268731832117737,8.465627066063893
11,LP001027,Male,Yes,2,Graduate,No,2500,1840.0,109.0,360.0,1.0,Urban,Y,4.6913478822291435,4340.0,8.375629627094451,13.013946992999099
12,LP001028,Male,Yes,2,Graduate,No,3073,8106.0,200.0,360.0,1.0,Urban,Y,5.298317366548036,11179.0,9.321792297270326,21.45510151074332
13,LP001029,Male,No,0,Graduate,No,1853,2840.0,114.0,360.0,1.0,Rural,N,4.736198448394496,4693.0,8.453827315794417,13.485016400442912
14,LP001030,Male,Yes,2,Graduate,No,1299,1086.0,17.0,120.0,1.0,Urban,Y,2.833213344056216,2385.0,7.776954403322442,2.1859456952373697
15,LP001032,Male,No,0,Graduate,No,4950,0.0,125.0,360.0,1.0,Urban,Y,4.8283137373023015,4950.0,8.507142855562735,14.693534847397531
16,LP001034,Male,No,1,Not Graduate,No,3596,0.0,100.0,240.0,,Urban,Y,4.605170185988092,3596.0,8.18757739559151,12.213625003880102
17,LP001036,Female,No,0,Graduate,No,3510,0.0,76.0,360.0,0.0,Urban,N,4.330733340286331,3510.0,8.163371316459912,9.309879099430429
18,LP001038,Male,Yes,0,Not Graduate,No,4887,0.0,133.0,360.0,1.0,Rural,N,4.890349128221754,4887.0,8.494333897270154,15.657496115468518
19,LP001041,Male,Yes,0,Graduate,No,2600,3500.0,115.0,,1.0,Urban,Y,4.74493212836325,6100.0,8.716044050161402,13.194059063741244
20,LP001043,Male,Yes,0,Not Graduate,No,7660,0.0,104.0,360.0,0.0,Urban,N,4.6443908991413725,7660.0,8.943767262734637,11.62820956145957
21,LP001046,Male,Yes,1,Graduate,No,5955,5625.0,315.0,360.0,1.0,Urban,Y,5.752572638825633,11580.0,9.357034751126987,33.664511074094335
22,LP001047,Male,Yes,0,Not Graduate,No,2600,1911.0,116.0,360.0,0.0,Semiurban,N,4.7535901911063645,4511.0,8.414274137408396,13.786097066208505
23,LP001050,,Yes,2,Not Graduate,No,3365,1917.0,112.0,360.0,0.0,Rural,N,4.718498871295094,5282.0,8.572060092857077,13.06570401825896
24,LP001052,Male,Yes,1,Graduate,No,3717,2925.0,151.0,360.0,,Semiurban,N,5.017279836814924,6642.0,8.801168401936692,17.156812948468584
25,LP001066,Male,Yes,0,Graduate,Yes,9560,0.0,191.0,360.0,1.0,Semiurban,Y,5.25227342804663,9560.0,9.165343006045447,20.839372828056373
26,LP001068,Male,Yes,0,Graduate,No,2799,2253.0,122.0,360.0,1.0,Semiurban,Y,4.804021044733257,5052.0,8.527539483470381,14.306588698473043
27,LP001073,Male,Yes,2,Not Graduate,No,4226,1040.0,110.0,360.0,1.0,Urban,Y,4.700480365792417,5266.0,8.569026340056254,12.836931015814553
28,LP001086,Male,No,0,Not Graduate,No,1442,0.0,35.0,360.0,1.0,Urban,N,3.5553480614894135,1442.0,7.273786317844895,4.811799312021849
29,LP001087,Female,No,2,Graduate,No,3750,2083.0,120.0,360.0,1.0,Semiurban,Y,4.787491742782046,5833.0,8.671286726753637,13.83877661774952
30,LP001091,Male,Yes,1,Graduate,No,4166,3369.0,201.0,360.0,,Urban,N,5.303304908059076,7535.0,8.927314111060596,22.515170576441214
31,LP001095,Male,No,0,Graduate,No,3167,0.0,74.0,360.0,1.0,Urban,N,4.30406509320417,3167.0,8.06054004653864,9.180526313714813
32,LP001097,Male,No,1,Graduate,Yes,4692,0.0,106.0,360.0,1.0,Rural,N,4.663439094112067,4692.0,8.453614209773367,12.539015546445402
33,LP001098,Male,Yes,0,Graduate,No,3500,1667.0,114.0,360.0,1.0,Semiurban,Y,4.736198448394496,5167.0,8.550047528287184,13.333259215558702
34,LP001100,Male,No,3+,Graduate,No,12500,3000.0,320.0,360.0,1.0,Rural,N,5.768320995793772,15500.0,9.648595302907339,33.16544947258559
35,LP001106,Male,Yes,0,Graduate,No,2275,2067.0,146.41216216216216,360.0,1.0,Urban,Y,4.986425672954842,4342.0,8.376090350438238,17.479773502503093
36,LP001109,Male,Yes,0,Graduate,No,1828,1330.0,100.0,,0.0,Urban,N,4.605170185988092,3158.0,8.057694194815587,12.41049828676064
37,LP001112,Female,Yes,0,Graduate,No,3667,1459.0,144.0,360.0,1.0,Semiurban,Y,4.969813299576001,5126.0,8.542080906924017,16.857719046336456
38,LP001114,Male,No,0,Graduate,No,4166,7210.0,184.0,360.0,1.0,Urban,Y,5.214935757608986,11376.0,9.339261152043022,19.70177265679618
39,LP001116,Male,No,0,Not Graduate,No,3748,1668.0,110.0,360.0,1.0,Semiurban,Y,4.700480365792417,5416.0,8.59711281459211,12.794993199727942
40,LP001119,Male,No,0,Graduate,No,3600,0.0,80.0,360.0,1.0,Urban,N,4.382026634673881,3600.0,8.1886891244442,9.769573467038892
41,LP001120,Male,No,0,Graduate,No,1800,1213.0,47.0,360.0,1.0,Urban,Y,3.8501476017100584,3013.0,8.0106915391303,5.86715888015614
42,LP001123,Male,Yes,0,Graduate,No,2400,0.0,75.0,360.0,,Urban,Y,4.31748811353631,2400.0,7.783224016336037,9.636109643328286
43,LP001131,Male,Yes,0,Graduate,No,3941,2336.0,134.0,360.0,1.0,Semiurban,Y,4.897839799950911,6277.0,8.744647438317532,15.3236595237488
44,LP001136,Male,Yes,0,Not Graduate,Yes,4695,0.0,96.0,,1.0,Urban,Y,4.564348191467836,4695.0,8.454253391642363,11.355230976978158
45,LP001137,Female,No,0,Graduate,No,3410,0.0,88.0,,1.0,Urban,Y,4.477336814478207,3410.0,8.134467570277563,10.818163480243278
46,LP001138,Male,Yes,1,Graduate,No,5649,0.0,44.0,360.0,1.0,Urban,Y,3.784189633918261,5649.0,8.639233817325263,5.093044236372173
47,LP001144,Male,Yes,0,Graduate,No,5821,0.0,144.0,360.0,1.0,Urban,Y,4.969813299576001,5821.0,8.669227347271736,16.61047683163111
48,LP001146,Female,Yes,0,Graduate,No,2645,3440.0,120.0,360.0,0.0,Urban,N,4.787491742782046,6085.0,8.713582005421628,13.771603908167213
49,LP001151,Female,No,0,Graduate,No,4000,2275.0,144.0,360.0,1.0,Semiurban,Y,4.969813299576001,6275.0,8.744328763999984,16.46781632832032
50,LP001155,Female,Yes,0,Not Graduate,No,1928,1644.0,100.0,360.0,1.0,Semiurban,Y,4.605170185988092,3572.0,8.18088094199639,12.223622456922943
51,LP001157,Female,No,0,Graduate,No,3086,0.0,120.0,360.0,1.0,Semiurban,Y,4.787491742782046,3086.0,8.034631032923107,14.935346689634159
52,LP001164,Female,No,0,Graduate,No,4230,0.0,112.0,360.0,1.0,Semiurban,N,4.718498871295094,4230.0,8.349957272040324,13.413242289877328
53,LP001179,Male,Yes,2,Graduate,No,4616,0.0,134.0,360.0,1.0,Urban,N,4.897839799950911,4616.0,8.437283808187935,15.88188841887245
54,LP001186,Female,Yes,1,Graduate,Yes,11500,0.0,286.0,360.0,0.0,Urban,N,5.655991810819852,11500.0,9.350102314351341,30.587900579550087
55,LP001194,Male,Yes,2,Graduate,No,2708,1167.0,97.0,360.0,1.0,Semiurban,Y,4.574710978503383,3875.0,8.262300941787448,11.740071038736001
56,LP001195,Male,Yes,0,Graduate,No,2132,1591.0,96.0,360.0,1.0,Semiurban,Y,4.564348191467836,3723.0,8.222285073872717,11.675586426095995
57,LP001197,Male,Yes,0,Graduate,No,3366,2200.0,135.0,360.0,1.0,Rural,N,4.90527477843843,5566.0,8.624431942085836,15.653204861090245
58,LP001198,Male,Yes,1,Graduate,No,8080,2250.0,180.0,360.0,1.0,Urban,Y,5.19295685089021,10330.0,9.242807562113684,19.474602147708985
59,LP001199,Male,Yes,2,Not Graduate,No,3357,2859.0,144.0,360.0,1.0,Urban,Y,4.969813299576001,6216.0,8.734881892047483,16.485626454904015
60,LP001205,Male,Yes,0,Graduate,No,2500,3796.0,120.0,360.0,1.0,Urban,Y,4.787491742782046,6296.0,8.74766979009724,13.71793893453151
61,LP001206,Male,Yes,3+,Graduate,No,3029,0.0,99.0,360.0,1.0,Urban,Y,4.59511985013459,3029.0,8.015987811027237,12.35031818084979
62,LP001207,Male,Yes,0,Not Graduate,Yes,2609,3449.0,165.0,180.0,0.0,Rural,N,5.10594547390058,6058.0,8.709134991587183,18.945624354127716
63,LP001213,Male,Yes,1,Graduate,No,4945,0.0,146.41216216216216,360.0,0.0,Rural,N,4.986425672954842,4945.0,8.506132244056813,17.21254242954658
64,LP001222,Female,No,0,Graduate,No,4166,0.0,116.0,360.0,0.0,Semiurban,N,4.7535901911063645,4166.0,8.334711621820917,13.917698087634259
65,LP001225,Male,Yes,0,Graduate,No,5726,4595.0,258.0,360.0,1.0,Semiurban,N,5.552959584921617,10321.0,9.241935933565934,27.91622900814165
66,LP001228,Male,No,0,Not Graduate,No,3200,2254.0,126.0,180.0,0.0,Urban,N,4.836281906951478,5454.0,8.604104563405533,14.644173495507681
67,LP001233,Male,Yes,1,Graduate,No,10750,0.0,312.0,360.0,1.0,Urban,Y,5.7430031878094825,10750.0,9.28266103355581,33.61105170943482
68,LP001238,Male,Yes,3+,Not Graduate,Yes,7100,0.0,125.0,60.0,1.0,Urban,Y,4.8283137373023015,7100.0,8.867850063029406,14.095863045895692
69,LP001241,Female,No,0,Graduate,No,4300,0.0,136.0,360.0,0.0,Semiurban,N,4.912654885736052,4300.0,8.366370301681654,16.25555588576611
70,LP001243,Male,Yes,0,Graduate,No,3208,3066.0,172.0,360.0,1.0,Urban,Y,5.147494476813453,6274.0,8.744169388750624,19.670250237978927
71,LP001245,Male,Yes,2,Not Graduate,Yes,1875,1875.0,97.0,360.0,1.0,Semiurban,Y,4.574710978503383,3750.0,8.229511118964457,11.78684840421065
72,LP001248,Male,No,0,Graduate,No,3500,0.0,81.0,300.0,1.0,Semiurban,Y,4.394449154672439,3500.0,8.160518247477505,9.925840190975357
73,LP001250,Male,Yes,3+,Not Graduate,No,4755,0.0,95.0,,0.0,Semiurban,N,4.553876891600541,4755.0,8.46695197497949,11.22009434808801
74,LP001253,Male,Yes,3+,Graduate,Yes,5266,1774.0,187.0,360.0,1.0,Semiurban,Y,5.231108616854587,7040.0,8.859363449152088,21.107611294341627
75,LP001255,Male,No,0,Graduate,No,3750,0.0,113.0,480.0,1.0,Urban,N,4.727387818712341,3750.0,8.229511118964457,13.731070821400035
76,LP001256,Male,No,0,Graduate,No,3750,4750.0,176.0,360.0,1.0,Urban,N,5.170483995038151,8500.0,9.047821442478408,19.45219643412741
77,LP001259,Male,Yes,1,Graduate,Yes,1000,3022.0,110.0,360.0,1.0,Urban,N,4.700480365792417,4022.0,8.299534570332597,13.25375526396438
78,LP001263,Male,Yes,3+,Graduate,No,3167,4000.0,180.0,300.0,0.0,Semiurban,N,5.19295685089021,7167.0,8.877242435993919,20.27656688412236
79,LP001264,Male,Yes,3+,Not Graduate,Yes,3333,2166.0,130.0,360.0,,Semiurban,Y,4.867534450455582,5499.0,8.612321536507814,15.09465240573372
80,LP001265,Female,No,0,Graduate,No,3846,0.0,111.0,360.0,1.0,Semiurban,Y,4.709530201312334,3846.0,8.254788926148725,13.446739946115992
81,LP001266,Male,Yes,1,Graduate,Yes,2395,0.0,146.41216216216216,360.0,1.0,Semiurban,Y,4.986425672954842,2395.0,7.781138509845015,18.81629044090598
82,LP001267,Female,Yes,2,Graduate,No,1378,1881.0,167.0,360.0,1.0,Urban,N,5.117993812416755,3259.0,8.089175678837561,20.644872435753356
83,LP001273,Male,Yes,0,Graduate,No,6000,2250.0,265.0,360.0,,Semiurban,N,5.579729825986222,8250.0,9.017968479328726,29.38577581053221
84,LP001275,Male,Yes,1,Graduate,No,3988,0.0,50.0,240.0,1.0,Urban,Y,3.912023005428146,3988.0,8.291045131081729,6.0306028021194145
85,LP001279,Male,No,0,Graduate,No,2366,2531.0,136.0,360.0,1.0,Semiurban,Y,4.912654885736052,4897.0,8.496378051702317,16.006820691406418
86,LP001280,Male,Yes,2,Not Graduate,No,3333,2000.0,99.0,360.0,,Semiurban,Y,4.59511985013459,5333.0,8.581669210600602,11.53621720558853
87,LP001282,Male,Yes,0,Graduate,No,2500,2118.0,104.0,360.0,1.0,Semiurban,Y,4.6443908991413725,4618.0,8.43771698991444,12.325608944257157
88,LP001289,Male,No,0,Graduate,No,8566,0.0,210.0,360.0,1.0,Urban,Y,5.3471075307174685,8566.0,9.055556158175316,23.190182505843435
89,LP001310,Male,Yes,0,Graduate,No,5695,4167.0,175.0,360.0,1.0,Semiurban,Y,5.1647859739235145,9862.0,9.196444266784072,19.02909373702932
90,LP001316,Male,Yes,0,Graduate,No,2958,2900.0,131.0,360.0,1.0,Semiurban,Y,4.875197323201151,5858.0,8.675563527387679,15.099883665937
91,LP001318,Male,Yes,2,Graduate,No,6250,5654.0,188.0,180.0,1.0,Semiurban,Y,5.236441962829949,11904.0,9.384629757072872,20.032756205252625
92,LP001319,Male,Yes,2,Not Graduate,No,3273,1820.0,81.0,360.0,1.0,Urban,Y,4.394449154672439,5093.0,8.535622326884605,9.489641984846815
93,LP001322,Male,No,0,Graduate,No,4133,0.0,122.0,360.0,1.0,Semiurban,Y,4.804021044733257,4133.0,8.326758814511733,14.651559234234153
94,LP001325,Male,No,0,Not Graduate,No,3620,0.0,25.0,120.0,1.0,Semiurban,Y,3.2188758248682006,3620.0,8.194229304819817,3.0509275576770944
95,LP001326,Male,No,0,Graduate,No,6782,0.0,146.41216216216216,360.0,,Urban,N,4.986425672954842,6782.0,8.822027322685583,16.596203662356338
96,LP001327,Female,Yes,0,Graduate,No,2484,2302.0,137.0,360.0,1.0,Semiurban,Y,4.919980925828125,4786.0,8.47345026846832,16.168148234705395
97,LP001333,Male,Yes,0,Graduate,No,1977,997.0,50.0,360.0,1.0,Semiurban,Y,3.912023005428146,2974.0,7.9976631270201,6.251826215469745
98,LP001334,Male,Yes,0,Not Graduate,No,4188,0.0,115.0,180.0,1.0,Semiurban,Y,4.74493212836325,4188.0,8.339978571990427,13.789004253107331
99,LP001343,Male,Yes,0,Graduate,No,1759,3541.0,131.0,360.0,1.0,Semiurban,Y,4.875197323201151,5300.0,8.575462099540212,15.276144711434709
100,LP001345,Male,Yes,2,Not Graduate,No,4288,3263.0,133.0,180.0,1.0,Urban,Y,4.890349128221754,7551.0,8.929435283803425,14.894558924822585
101,LP001349,Male,No,0,Graduate,No,4843,3806.0,151.0,360.0,1.0,Semiurban,Y,5.017279836814924,8649.0,9.065198986306513,16.657108159246576
102,LP001350,Male,Yes,,Graduate,No,13650,0.0,146.41216216216216,360.0,1.0,Urban,Y,4.986425672954842,13650.0,9.521494800613105,15.377014347866307
103,LP001356,Male,Yes,0,Graduate,No,4652,3583.0,146.41216216216216,360.0,1.0,Semiurban,Y,4.986425672954842,8235.0,9.016148642611741,16.23888069792851
104,LP001357,Male,,,Graduate,No,3816,754.0,160.0,360.0,1.0,Urban,Y,5.075173815233827,4570.0,8.42726848388825,18.985985827542752
105,LP001367,Male,Yes,1,Graduate,No,3052,1030.0,100.0,360.0,1.0,Urban,Y,4.605170185988092,4082.0,8.31434234336979,12.027409489548413
106,LP001369,Male,Yes,2,Graduate,No,11417,1126.0,225.0,360.0,1.0,Urban,Y,5.41610040220442,12543.0,9.436918020024674,23.842529894035437
107,LP001370,Male,No,0,Not Graduate,No,7333,0.0,120.0,360.0,1.0,Rural,N,4.787491742782046,7333.0,8.9001399880938,13.482933994356326
108,LP001379,Male,Yes,2,Graduate,No,3800,3600.0,216.0,360.0,0.0,Urban,N,5.375278407684165,7400.0,8.909235279192261,24.24450508165087
109,LP001384,Male,Yes,3+,Not Graduate,No,2071,754.0,94.0,480.0,1.0,Semiurban,Y,4.543294782270004,2825.0,7.946263643580541,11.829459003155367
110,LP001385,Male,No,0,Graduate,No,5316,0.0,136.0,360.0,1.0,Urban,Y,4.912654885736052,5316.0,8.578476419833136,15.853631034710638
111,LP001387,Female,Yes,0,Graduate,No,2929,2333.0,139.0,360.0,1.0,Semiurban,Y,4.9344739331306915,5262.0,8.568266461600238,16.22265141063784
112,LP001391,Male,Yes,0,Not Graduate,No,3572,4114.0,152.0,,0.0,Rural,N,5.0238805208462765,7686.0,8.94715577112479,16.988639058967827
113,LP001392,Female,No,1,Graduate,Yes,7451,0.0,146.41216216216216,360.0,1.0,Semiurban,Y,4.986425672954842,7451.0,8.916103530553727,16.421092651115657
114,LP001398,Male,No,0,Graduate,No,5050,0.0,118.0,360.0,1.0,Semiurban,Y,4.770684624465665,5050.0,8.527143522269405,13.8381627671485
115,LP001401,Male,Yes,1,Graduate,No,14583,0.0,185.0,180.0,1.0,Rural,Y,5.220355825078324,14583.0,9.587611745713565,19.29573338039162
116,LP001404,Female,Yes,0,Graduate,No,3167,2283.0,154.0,360.0,1.0,Semiurban,Y,5.0369526024136295,5450.0,8.60337088765729,17.899960609734265
117,LP001405,Male,Yes,1,Graduate,No,2214,1398.0,85.0,360.0,,Urban,Y,4.442651256490317,3612.0,8.192016914536875,10.375955138613794
118,LP001421,Male,Yes,0,Graduate,No,5568,2142.0,175.0,360.0,1.0,Rural,N,5.1647859739235145,7710.0,8.950273466557375,19.552475201331678
119,LP001422,Female,No,0,Graduate,No,10408,0.0,259.0,360.0,1.0,Urban,Y,5.556828061699537,10408.0,9.250330020192342,27.999001055598512
120,LP001426,Male,Yes,,Graduate,No,5667,2667.0,180.0,360.0,1.0,Rural,Y,5.19295685089021,8334.0,9.0280988119824,19.937752537787677
121,LP001430,Female,No,0,Graduate,No,4166,0.0,44.0,360.0,1.0,Semiurban,Y,3.784189633918261,4166.0,8.334711621820917,5.279126860826787
122,LP001431,Female,No,0,Graduate,No,2137,8980.0,137.0,360.0,0.0,Semiurban,Y,4.919980925828125,11117.0,9.316230747233615,14.705518113179101
123,LP001432,Male,Yes,2,Graduate,No,2957,0.0,81.0,360.0,1.0,Semiurban,Y,4.394449154672439,2957.0,7.9919305198524775,10.135223247848653
124,LP001439,Male,Yes,0,Not Graduate,No,4300,2014.0,194.0,360.0,1.0,Rural,Y,5.267858159063328,6314.0,8.750524669117937,22.170099203840703
125,LP001443,Female,No,0,Graduate,No,3692,0.0,93.0,360.0,,Rural,Y,4.532599493153256,3692.0,8.213923595622743,11.32223826011242
126,LP001448,,Yes,3+,Graduate,No,23803,0.0,370.0,360.0,1.0,Rural,Y,5.91350300563827,23803.0,10.077566902136047,36.715211478434796
127,LP001449,Male,No,0,Graduate,No,3865,1640.0,146.41216216216216,360.0,1.0,Rural,Y,4.986425672954842,5505.0,8.61341204915678,16.99816069712993
128,LP001451,Male,Yes,1,Graduate,Yes,10513,3850.0,160.0,180.0,0.0,Urban,N,5.075173815233827,14363.0,9.572410734431823,16.714702747185964
129,LP001465,Male,Yes,0,Graduate,No,6080,2569.0,182.0,360.0,,Rural,N,5.204006687076795,8649.0,9.065198986306513,20.076779370747527
130,LP001469,Male,No,0,Graduate,Yes,20166,0.0,650.0,480.0,,Urban,Y,6.476972362889683,20166.0,9.91175329695316,65.57871049916142
131,LP001473,Male,No,0,Graduate,No,2014,1929.0,74.0,360.0,1.0,Urban,Y,4.30406509320417,3943.0,8.279697133877628,8.937524984726537
132,LP001478,Male,No,0,Graduate,No,2718,0.0,70.0,360.0,1.0,Semiurban,Y,4.248495242049359,2718.0,7.907651594711089,8.852185653553379
133,LP001482,Male,Yes,0,Graduate,Yes,3459,0.0,25.0,120.0,1.0,Semiurban,Y,3.2188758248682006,3459.0,8.148734808937169,3.067960927208125
134,LP001487,Male,No,0,Graduate,No,4895,0.0,102.0,360.0,1.0,Semiurban,Y,4.624972813284271,4895.0,8.49596955496461,12.005692739376217
135,LP001488,Male,Yes,3+,Graduate,No,4000,7750.0,290.0,360.0,1.0,Semiurban,N,5.66988092298052,11750.0,9.371608519572305,30.944527761092907
136,LP001489,Female,Yes,0,Graduate,No,4583,0.0,84.0,360.0,1.0,Rural,N,4.430816798843313,4583.0,8.430109084509125,9.964283873189196
137,LP001491,Male,Yes,2,Graduate,Yes,3316,3500.0,88.0,360.0,1.0,Urban,Y,4.477336814478207,6816.0,8.827028068509152,9.969380330163924
138,LP001492,Male,No,0,Graduate,No,14999,0.0,242.0,360.0,0.0,Semiurban,N,5.488937726156687,14999.0,9.61573881119536,25.167072936532506
139,LP001493,Male,Yes,2,Not Graduate,No,4200,1430.0,129.0,360.0,1.0,Rural,N,4.859812404361672,5630.0,8.635864721133736,14.93770504351585
140,LP001497,Male,Yes,2,Graduate,No,5042,2083.0,185.0,360.0,1.0,Rural,N,5.220355825078324,7125.0,8.871365005136852,20.853611579827692
141,LP001498,Male,No,0,Graduate,No,5417,0.0,168.0,360.0,1.0,Urban,Y,5.123963979403259,5417.0,8.597297435657898,19.54102452047409
142,LP001504,Male,No,0,Graduate,Yes,6950,0.0,175.0,180.0,1.0,Semiurban,Y,5.1647859739235145,6950.0,8.846496938558838,19.781841469614395
143,LP001507,Male,Yes,0,Graduate,No,2698,2034.0,122.0,360.0,1.0,Semiurban,Y,4.804021044733257,4732.0,8.462103225098277,14.417219543972546
144,LP001508,Male,Yes,2,Graduate,No,11757,0.0,187.0,180.0,1.0,Urban,Y,5.231108616854587,11757.0,9.372204086867741,19.952617150326777
145,LP001514,Female,Yes,0,Graduate,No,2330,4486.0,100.0,360.0,1.0,Semiurban,Y,4.605170185988092,6816.0,8.827028068509152,11.328841284277187
146,LP001516,Female,Yes,2,Graduate,No,14866,0.0,70.0,360.0,1.0,Urban,Y,4.248495242049359,14866.0,9.60683200528524,7.286481116926912
147,LP001518,Male,Yes,1,Graduate,No,1538,1425.0,30.0,360.0,1.0,Urban,Y,3.4011973816621555,2963.0,7.993957547573565,3.7528345405219232
148,LP001519,Female,No,0,Graduate,No,10000,1666.0,225.0,360.0,1.0,Rural,N,5.41610040220442,11666.0,9.364433907313582,24.027079717469732
149,LP001520,Male,Yes,0,Graduate,No,4860,830.0,125.0,360.0,1.0,Semiurban,Y,4.8283137373023015,5690.0,8.646465527120377,14.456774228489877
150,LP001528,Male,No,0,Graduate,No,6277,0.0,118.0,360.0,0.0,Rural,N,4.770684624465665,6277.0,8.744647438317532,13.493968834345958
151,LP001529,Male,Yes,0,Graduate,Yes,2577,3750.0,152.0,360.0,1.0,Rural,Y,5.0238805208462765,6327.0,8.752581469146884,17.366305076485677
152,LP001531,Male,No,0,Graduate,No,9166,0.0,244.0,360.0,1.0,Urban,N,5.497168225293202,9166.0,9.123256265069069,26.744836811635125
153,LP001532,Male,Yes,2,Not Graduate,No,2281,0.0,113.0,360.0,1.0,Rural,N,4.727387818712341,2281.0,7.732369222284388,14.613890872455805
154,LP001535,Male,No,0,Graduate,No,3254,0.0,50.0,360.0,1.0,Urban,Y,3.912023005428146,3254.0,8.087640287778983,6.182272977144355
155,LP001536,Male,Yes,3+,Graduate,No,39999,0.0,600.0,180.0,0.0,Semiurban,Y,6.396929655216146,39999.0,10.596609732783568,56.62188333158412
156,LP001541,Male,Yes,1,Graduate,No,6000,0.0,160.0,360.0,,Rural,Y,5.075173815233827,6000.0,8.699514748210191,18.391830421681608
157,LP001543,Male,Yes,1,Graduate,No,9538,0.0,187.0,360.0,1.0,Urban,Y,5.231108616854587,9538.0,9.16303909885817,20.408076183294096
158,LP001546,Male,No,0,Graduate,No,2980,2083.0,120.0,360.0,1.0,Rural,Y,4.787491742782046,5063.0,8.529714471969909,14.068466229947132
159,LP001552,Male,Yes,0,Graduate,No,4583,5625.0,255.0,360.0,1.0,Semiurban,Y,5.541263545158426,10208.0,9.23092700558457,27.62452783406573
160,LP001560,Male,Yes,0,Not Graduate,No,1863,1041.0,98.0,360.0,1.0,Semiurban,Y,4.584967478670572,2904.0,7.973844375944687,12.290182173061238
161,LP001562,Male,Yes,0,Graduate,No,7933,0.0,275.0,360.0,1.0,Urban,N,5.616771097666572,7933.0,8.978786553302003,30.627746674617974
162,LP001565,Male,Yes,1,Graduate,No,3089,1280.0,121.0,360.0,0.0,Semiurban,N,4.795790545596741,4369.0,8.382289428951436,14.43519709330011
163,LP001570,Male,Yes,2,Graduate,No,4167,1447.0,158.0,360.0,1.0,Rural,Y,5.062595033026967,5614.0,8.633018756921828,18.30182517248881
164,LP001572,Male,Yes,0,Graduate,No,9323,0.0,75.0,180.0,1.0,Urban,Y,4.31748811353631,9323.0,9.140239744296693,8.20547404643279
165,LP001574,Male,Yes,0,Graduate,No,3707,3166.0,182.0,,1.0,Rural,Y,5.204006687076795,6873.0,8.835355971121606,20.599056856890392
166,LP001577,Female,Yes,0,Graduate,No,4583,0.0,112.0,360.0,1.0,Rural,N,4.718498871295094,4583.0,8.430109084509125,13.285711830918926
167,LP001578,Male,Yes,0,Graduate,No,2439,3333.0,129.0,360.0,1.0,Rural,Y,4.859812404361672,5772.0,8.660773919893762,14.894742801643574
168,LP001579,Male,No,0,Graduate,No,2237,0.0,63.0,480.0,0.0,Semiurban,N,4.143134726391533,2237.0,7.71289096149013,8.168143477530558
169,LP001580,Male,Yes,2,Graduate,No,8000,0.0,200.0,360.0,1.0,Semiurban,Y,5.298317366548036,8000.0,8.987196820661973,22.253880046355604
170,LP001581,Male,Yes,0,Not Graduate,No,1820,1769.0,95.0,360.0,1.0,Rural,Y,4.553876891600541,3589.0,8.185628891147607,11.605705714650497
171,LP001585,,Yes,3+,Graduate,No,51763,0.0,700.0,300.0,1.0,Urban,Y,6.551080335043404,51763.0,10.854430887309706,64.48979290276696
172,LP001586,Male,Yes,3+,Not Graduate,No,3522,0.0,81.0,180.0,1.0,Rural,N,4.394449154672439,3522.0,8.166784289056151,9.918224497314512
173,LP001594,Male,Yes,0,Graduate,No,5708,5625.0,187.0,360.0,1.0,Semiurban,Y,5.231108616854587,11333.0,9.335474102732949,20.031119784827638
174,LP001603,Male,Yes,0,Not Graduate,Yes,4344,736.0,87.0,360.0,1.0,Semiurban,N,4.465908118654584,5080.0,8.533066540572527,10.19563126413435
175,LP001606,Male,Yes,0,Graduate,No,3497,1964.0,116.0,360.0,1.0,Rural,Y,4.7535901911063645,5461.0,8.605387202152153,13.479928011953852
176,LP001608,Male,Yes,2,Graduate,No,2045,1619.0,101.0,360.0,1.0,Rural,Y,4.61512051684126,3664.0,8.20631072579402,12.30760123212706
177,LP001610,Male,Yes,3+,Graduate,No,5516,11300.0,495.0,360.0,0.0,Semiurban,N,6.20455776256869,16816.0,9.730086093116732,50.87313670843811
178,LP001616,Male,Yes,1,Graduate,No,3750,0.0,116.0,360.0,1.0,Semiurban,Y,4.7535901911063645,3750.0,8.229511118964457,14.095612524623045
179,LP001630,Male,No,0,Not Graduate,No,2333,1451.0,102.0,480.0,0.0,Urban,N,4.624972813284271,3784.0,8.238536930171769,12.380839081566556
180,LP001633,Male,Yes,1,Graduate,No,6400,7250.0,180.0,360.0,0.0,Urban,N,5.19295685089021,13650.0,9.521494800613105,18.904594684902783
181,LP001634,Male,No,0,Graduate,No,1916,5063.0,67.0,360.0,,Rural,N,4.204692619390966,6979.0,8.850660919017152,7.5700561362642524
182,LP001636,Male,Yes,0,Graduate,No,4600,0.0,73.0,180.0,1.0,Semiurban,Y,4.290459441148391,4600.0,8.433811582477187,8.655635626443337
183,LP001637,Male,Yes,1,Graduate,No,33846,0.0,260.0,360.0,1.0,Semiurban,N,5.560681631015528,33846.0,10.429576102968031,24.92910521320321
184,LP001639,Female,Yes,0,Graduate,No,3625,0.0,108.0,360.0,1.0,Semiurban,Y,4.68213122712422,3625.0,8.195609567288775,13.1777873400731
185,LP001640,Male,Yes,0,Graduate,Yes,39147,4750.0,120.0,360.0,1.0,Semiurban,Y,4.787491742782046,43897.0,10.689601259598334,11.225863068769794
186,LP001641,Male,Yes,1,Graduate,Yes,2178,0.0,66.0,300.0,0.0,Rural,N,4.189654742026425,2178.0,7.686162303492906,8.58686004717945
187,LP001643,Male,Yes,0,Graduate,No,2383,2138.0,58.0,360.0,,Rural,Y,4.060443010546419,4521.0,8.416488487294606,6.891234995159306
188,LP001644,,Yes,0,Graduate,Yes,674,5296.0,168.0,360.0,1.0,Rural,Y,5.123963979403259,5970.0,8.694502206386648,19.32255533578376
189,LP001647,Male,Yes,0,Graduate,No,9328,0.0,188.0,180.0,1.0,Rural,Y,5.236441962829949,9328.0,9.140775908590273,20.567181810389016
190,LP001653,Male,No,0,Not Graduate,No,4885,0.0,48.0,360.0,1.0,Rural,Y,3.871201010907891,4885.0,8.493924564476883,5.651097986052833
191,LP001656,Male,No,0,Graduate,No,12000,0.0,164.0,360.0,1.0,Semiurban,N,5.099866427824199,12000.0,9.392661928770137,17.460438930273938
192,LP001657,Male,Yes,0,Not Graduate,No,6033,0.0,160.0,360.0,1.0,Urban,N,5.075173815233827,6033.0,8.704999678440762,18.38024191962511
193,LP001658,Male,No,0,Graduate,No,3858,0.0,76.0,360.0,1.0,Semiurban,Y,4.330733340286331,3858.0,8.257904193465674,9.203303673604907
194,LP001664,Male,No,0,Graduate,No,4191,0.0,120.0,360.0,1.0,Rural,Y,4.787491742782046,4191.0,8.340694647925071,14.387290875089475
195,LP001665,Male,Yes,1,Graduate,No,3125,2583.0,170.0,360.0,1.0,Semiurban,N,5.135798437050262,5708.0,8.649623978596727,19.654033565003594
196,LP001666,Male,No,0,Graduate,No,8333,3750.0,187.0,360.0,1.0,Rural,Y,5.231108616854587,12083.0,9.399554785027307,19.894559293156643
197,LP001669,Female,No,0,Not Graduate,No,1907,2365.0,120.0,,1.0,Urban,Y,4.787491742782046,4272.0,8.35983738064003,14.354346207487206
198,LP001671,Female,Yes,0,Graduate,No,3416,2816.0,113.0,360.0,,Semiurban,Y,4.727387818712341,6232.0,8.737452587550584,12.932831264916528
199,LP001673,Male,No,0,Graduate,Yes,11000,0.0,83.0,360.0,1.0,Urban,N,4.418840607796598,11000.0,9.305650551780507,8.919311931836845
200,LP001674,Male,Yes,1,Not Graduate,No,2600,2500.0,90.0,360.0,1.0,Semiurban,Y,4.499809670330265,5100.0,8.536995818712418,10.542350249572237
201,LP001677,Male,No,2,Graduate,No,4923,0.0,166.0,360.0,0.0,Semiurban,Y,5.111987788356544,4923.0,8.5016733797582,19.525567801185193
202,LP001682,Male,Yes,3+,Not Graduate,No,3992,0.0,146.41216216216216,180.0,1.0,Urban,N,4.986425672954842,3992.0,8.292047637431354,17.65693693090222
203,LP001688,Male,Yes,1,Not Graduate,No,3500,1083.0,135.0,360.0,1.0,Urban,Y,4.90527477843843,4583.0,8.430109084509125,16.014027653339777
204,LP001691,Male,Yes,2,Not Graduate,No,3917,0.0,124.0,360.0,1.0,Semiurban,Y,4.820281565605037,3917.0,8.27308133366583,14.988369508154609
205,LP001692,Female,No,0,Not Graduate,No,4408,0.0,120.0,360.0,1.0,Semiurban,Y,4.787491742782046,4408.0,8.391176350832751,14.300736271391917
206,LP001693,Female,No,0,Graduate,No,3244,0.0,80.0,360.0,1.0,Urban,Y,4.382026634673881,3244.0,8.084562415235304,9.895402606978521
207,LP001698,Male,No,0,Not Graduate,No,3975,2531.0,55.0,360.0,1.0,Rural,Y,4.007333185232471,6506.0,8.780480107033297,6.263894380438739
208,LP001699,Male,No,0,Graduate,No,2479,0.0,59.0,360.0,1.0,Urban,Y,4.07753744390572,2479.0,7.8156105320351905,7.548994382225999
209,LP001702,Male,No,0,Graduate,No,3418,0.0,127.0,360.0,1.0,Semiurban,N,4.844187086458591,3418.0,8.136810863675537,15.608080626152335
210,LP001708,Female,No,0,Graduate,No,10000,0.0,214.0,360.0,1.0,Semiurban,N,5.365976015021851,10000.0,9.210340371976184,23.23475478182397
211,LP001711,Male,Yes,3+,Graduate,No,3430,1250.0,128.0,360.0,0.0,Semiurban,N,4.852030263919617,4680.0,8.451053388911692,15.14604086727744
212,LP001713,Male,Yes,1,Graduate,Yes,7787,0.0,240.0,360.0,1.0,Urban,Y,5.480638923341991,7787.0,8.960210955576986,26.785083653707947
213,LP001715,Male,Yes,3+,Not Graduate,Yes,5703,0.0,130.0,360.0,1.0,Rural,Y,4.867534450455582,5703.0,8.648747631156539,15.03107797153008
214,LP001716,Male,Yes,0,Graduate,No,3173,3021.0,137.0,360.0,1.0,Urban,Y,4.919980925828125,6194.0,8.731336360533149,15.69061073162397
215,LP001720,Male,Yes,3+,Not Graduate,No,3850,983.0,100.0,360.0,1.0,Semiurban,Y,4.605170185988092,4833.0,8.483222671845084,11.787973022550663
216,LP001722,Male,Yes,0,Graduate,No,150,1800.0,135.0,360.0,1.0,Rural,N,4.90527477843843,1950.0,7.575584651557793,17.820406768504593
217,LP001726,Male,Yes,0,Graduate,No,3727,1775.0,131.0,360.0,1.0,Semiurban,Y,4.875197323201151,5502.0,8.61286694148452,15.209801903362594
218,LP001732,Male,Yes,2,Graduate,No,5000,0.0,72.0,360.0,0.0,Semiurban,N,4.276666119016055,5000.0,8.517193191416238,8.453489122750291
219,LP001734,Female,Yes,2,Graduate,No,4283,2383.0,127.0,360.0,,Semiurban,Y,4.844187086458591,6666.0,8.804775258867686,14.423991103247364
220,LP001736,Male,Yes,0,Graduate,No,2221,0.0,60.0,360.0,0.0,Urban,N,4.0943445622221,2221.0,7.7057128238944275,7.7864308430944495
221,LP001743,Male,Yes,2,Graduate,No,4009,1717.0,116.0,360.0,1.0,Semiurban,Y,4.7535901911063645,5726.0,8.65277248565806,13.406107717759781
222,LP001744,Male,No,0,Graduate,No,2971,2791.0,144.0,360.0,1.0,Semiurban,Y,4.969813299576001,5762.0,8.659039915644474,16.630019194140925
223,LP001749,Male,Yes,0,Graduate,No,7578,1010.0,175.0,,1.0,Semiurban,Y,5.1647859739235145,8588.0,9.058121158998672,19.3196797578876
224,LP001750,Male,Yes,0,Graduate,No,6250,0.0,128.0,360.0,1.0,Semiurban,Y,4.852030263919617,6250.0,8.740336742730447,14.644744678339853
225,LP001751,Male,Yes,0,Graduate,No,3250,0.0,170.0,360.0,1.0,Rural,N,5.135798437050262,3250.0,8.086410275323782,21.02292540347183
226,LP001754,Male,Yes,,Not Graduate,Yes,4735,0.0,138.0,360.0,1.0,Urban,N,4.927253685157205,4735.0,8.462737005620179,16.30678111683643
227,LP001758,Male,Yes,2,Graduate,No,6250,1695.0,210.0,360.0,1.0,Semiurban,Y,5.3471075307174685,7945.0,8.980298078970817,23.384524450447525
228,LP001760,Male,,,Graduate,No,4758,0.0,158.0,480.0,1.0,Semiurban,Y,5.062595033026967,4758.0,8.467582690862903,18.659398528282782
229,LP001761,Male,No,0,Graduate,Yes,6400,0.0,200.0,360.0,1.0,Rural,Y,5.298317366548036,6400.0,8.764053269347762,22.82049114186687
230,LP001765,Male,Yes,1,Graduate,No,2491,2054.0,104.0,360.0,1.0,Semiurban,Y,4.6443908991413725,4545.0,8.421783006611578,12.348928952260357
231,LP001768,Male,Yes,0,Graduate,No,3716,0.0,42.0,180.0,1.0,Rural,Y,3.7376696182833684,3716.0,8.22040309993373,5.109238499549808
232,LP001770,Male,No,0,Not Graduate,No,3189,2598.0,120.0,,1.0,Rural,Y,4.787491742782046,5787.0,8.663369301573839,13.85142383093378
233,LP001776,Female,No,0,Graduate,No,8333,0.0,280.0,360.0,1.0,Semiurban,Y,5.634789603169249,8333.0,9.027978814382207,31.01469395939878
234,LP001778,Male,Yes,1,Graduate,No,3155,1779.0,140.0,360.0,1.0,Semiurban,Y,4.941642422609304,4934.0,8.503905297089302,16.463024352813395
235,LP001784,Male,Yes,1,Graduate,No,5500,1260.0,170.0,360.0,1.0,Rural,Y,5.135798437050262,6760.0,8.81877816903701,19.27704685858581
236,LP001786,Male,Yes,0,Graduate,No,5746,0.0,255.0,360.0,,Urban,N,5.541263545158426,5746.0,8.656259239539235,29.458452311043935
237,LP001788,Female,No,0,Graduate,Yes,3463,0.0,122.0,360.0,,Urban,Y,4.804021044733257,3463.0,8.149890544402423,14.969526196127024
238,LP001790,Female,No,1,Graduate,No,3812,0.0,112.0,360.0,1.0,Rural,Y,4.718498871295094,3812.0,8.245909264774093,13.582492409715883
239,LP001792,Male,Yes,1,Graduate,No,3315,0.0,96.0,360.0,1.0,Semiurban,Y,4.564348191467836,3315.0,8.106212902619962,11.842768152434338
240,LP001798,Male,Yes,2,Graduate,No,5819,5000.0,120.0,360.0,1.0,Rural,Y,4.787491742782046,10819.0,9.289059126687574,12.918423530671541
241,LP001800,Male,Yes,1,Not Graduate,No,2510,1983.0,140.0,180.0,1.0,Urban,N,4.941642422609304,4493.0,8.41027590907016,16.64630286968533
242,LP001806,Male,No,0,Graduate,No,2965,5701.0,155.0,60.0,1.0,Urban,Y,5.043425116919247,8666.0,9.067162602299854,17.09465317856821
243,LP001807,Male,Yes,2,Graduate,Yes,6250,1300.0,108.0,360.0,1.0,Rural,Y,4.68213122712422,7550.0,8.92930284224307,12.095009197030443
244,LP001811,Male,Yes,0,Not Graduate,No,3406,4417.0,123.0,360.0,1.0,Semiurban,Y,4.812184355372417,7823.0,8.96482339168508,13.720292595399386
245,LP001813,Male,No,0,Graduate,Yes,6050,4333.0,120.0,180.0,1.0,Urban,N,4.787491742782046,10383.0,9.247925132303454,12.97588359369759
246,LP001814,Male,Yes,2,Graduate,No,9703,0.0,112.0,360.0,1.0,Urban,Y,4.718498871295094,9703.0,9.1801903950253,12.200182695632572
247,LP001819,Male,Yes,1,Not Graduate,No,6608,0.0,137.0,180.0,1.0,Urban,Y,4.919980925828125,6608.0,8.796036315200814,15.575197178670617
248,LP001824,Male,Yes,1,Graduate,No,2882,1843.0,123.0,480.0,1.0,Semiurban,Y,4.812184355372417,4725.0,8.460622839927844,14.537936783983744
249,LP001825,Male,Yes,0,Graduate,No,1809,1868.0,90.0,360.0,1.0,Urban,Y,4.499809670330265,3677.0,8.209852481301272,10.962438144288663
250,LP001835,Male,Yes,0,Not Graduate,No,1668,3890.0,201.0,360.0,0.0,Semiurban,N,5.303304908059076,5558.0,8.62299361030245,23.30977025888692
251,LP001836,Female,No,2,Graduate,No,3427,0.0,138.0,360.0,1.0,Urban,N,4.927253685157205,3427.0,8.139440521874608,16.954482268053603
252,LP001841,Male,No,0,Not Graduate,Yes,2583,2167.0,104.0,360.0,1.0,Rural,Y,4.6443908991413725,4750.0,8.465899897028686,12.28457709929943
253,LP001843,Male,Yes,1,Not Graduate,No,2661,7101.0,279.0,180.0,1.0,Semiurban,Y,5.631211781821365,9762.0,9.186252576447092,30.371470594585702
254,LP001844,Male,No,0,Graduate,Yes,16250,0.0,192.0,360.0,0.0,Urban,N,5.2574953720277815,16250.0,9.695848187757884,19.80229024650179
255,LP001846,Female,No,3+,Graduate,No,3083,0.0,255.0,360.0,1.0,Rural,Y,5.541263545158426,3083.0,8.03365842788615,31.741454069649393
256,LP001849,Male,No,0,Not Graduate,No,6045,0.0,115.0,360.0,0.0,Rural,N,4.74493212836325,6045.0,8.706986763048892,13.207783947489418
257,LP001854,Male,Yes,3+,Graduate,No,5250,0.0,94.0,360.0,1.0,Urban,N,4.543294782270004,5250.0,8.565983355585669,10.973637946506736
258,LP001859,Male,Yes,0,Graduate,No,14683,2100.0,304.0,360.0,1.0,Rural,N,5.717027701406222,16783.0,9.72812174830818,31.249608903472936
259,LP001864,Male,Yes,3+,Not Graduate,No,4931,0.0,128.0,360.0,,Semiurban,N,4.852030263919617,4931.0,8.503297086224126,15.05298458963265
260,LP001865,Male,Yes,1,Graduate,No,6083,4250.0,330.0,360.0,,Urban,Y,5.799092654460526,10333.0,9.243097936214355,35.70231563890108
261,LP001868,Male,No,0,Graduate,No,2060,2209.0,134.0,360.0,1.0,Semiurban,Y,4.897839799950911,4269.0,8.359134886757962,16.030366995545762
262,LP001870,Female,No,1,Graduate,No,3481,0.0,155.0,36.0,1.0,Semiurban,N,5.043425116919247,3481.0,8.15507488781144,19.006569790261857
263,LP001871,Female,No,0,Graduate,No,7200,0.0,120.0,360.0,1.0,Rural,Y,4.787491742782046,7200.0,8.881836305004146,13.510719616887151
264,LP001872,Male,No,0,Graduate,Yes,5166,0.0,128.0,360.0,1.0,Semiurban,Y,4.852030263919617,5166.0,8.549853973655786,14.971015925464885
265,LP001875,Male,No,0,Graduate,No,4095,3447.0,151.0,360.0,1.0,Rural,Y,5.017279836814924,7542.0,8.928242677818302,16.912622724195288
266,LP001877,Male,Yes,2,Graduate,No,4708,1387.0,150.0,360.0,1.0,Semiurban,Y,5.0106352940962555,6095.0,8.715224041915372,17.211261498107632
267,LP001882,Male,Yes,3+,Graduate,No,4333,1811.0,160.0,360.0,0.0,Urban,Y,5.075173815233827,6144.0,8.723231274827508,18.341827123363046
268,LP001883,Female,No,0,Graduate,No,3418,0.0,135.0,360.0,1.0,Rural,N,4.90527477843843,3418.0,8.136810863675537,16.591266807327287
269,LP001884,Female,No,1,Graduate,No,2876,1560.0,90.0,360.0,1.0,Urban,Y,4.499809670330265,4436.0,8.397508348470257,10.717464784229117
270,LP001888,Female,No,0,Graduate,No,3237,0.0,30.0,360.0,1.0,Urban,Y,3.4011973816621555,3237.0,8.082402253926244,3.71176774645517
271,LP001891,Male,Yes,0,Graduate,No,11146,0.0,136.0,360.0,1.0,Urban,Y,4.912654885736052,11146.0,9.318835968129482,14.594097424305078
272,LP001892,Male,No,0,Graduate,No,2833,1857.0,126.0,360.0,1.0,Rural,Y,4.836281906951478,4690.0,8.453187861440325,14.905619284146734
273,LP001894,Male,Yes,0,Graduate,No,2620,2223.0,150.0,360.0,1.0,Semiurban,Y,5.0106352940962555,4843.0,8.48528964240323,17.677652304337432
274,LP001896,Male,Yes,2,Graduate,No,3900,0.0,90.0,360.0,1.0,Semiurban,Y,4.499809670330265,3900.0,8.268731832117737,10.884377656367862
275,LP001900,Male,Yes,1,Graduate,No,2750,1842.0,115.0,360.0,1.0,Semiurban,Y,4.74493212836325,4592.0,8.432070937999402,13.638405184869681
276,LP001903,Male,Yes,0,Graduate,No,3993,3274.0,207.0,360.0,1.0,Semiurban,Y,5.332718793265369,7267.0,8.891098830616636,23.28171173704563
277,LP001904,Male,Yes,0,Graduate,No,3103,1300.0,80.0,360.0,1.0,Urban,Y,4.382026634673881,4403.0,8.390041405755754,9.535113848796769
278,LP001907,Male,Yes,0,Graduate,No,14583,0.0,436.0,360.0,1.0,Semiurban,Y,6.077642243349034,14583.0,9.587611745713565,45.475350020814844
279,LP001908,Female,Yes,0,Not Graduate,No,4100,0.0,124.0,360.0,,Rural,Y,4.820281565605037,4100.0,8.318742252692399,14.90609953203765
280,LP001910,Male,No,1,Not Graduate,Yes,4053,2426.0,158.0,360.0,0.0,Urban,N,5.062595033026967,6479.0,8.776321456449958,18.00298687599706
281,LP001914,Male,Yes,0,Graduate,No,3927,800.0,112.0,360.0,1.0,Semiurban,Y,4.718498871295094,4727.0,8.461046030793236,13.237133989389232
282,LP001915,Male,Yes,2,Graduate,No,2301,985.7999877999998,78.0,180.0,1.0,Urban,Y,4.356708826689592,3286.7999878,8.097669722345216,9.632400761513145
283,LP001917,Female,No,0,Graduate,No,1811,1666.0,54.0,360.0,1.0,Urban,Y,3.9889840465642745,3477.0,8.153925132007862,6.622577363143238
284,LP001922,Male,Yes,0,Graduate,No,20667,0.0,146.41216216216216,360.0,1.0,Rural,N,4.986425672954842,20667.0,9.936293504261306,14.73508830021692
285,LP001924,Male,No,0,Graduate,No,3158,3053.0,89.0,360.0,1.0,Rural,Y,4.48863636973214,6211.0,8.734077192559303,10.189971766659045
286,LP001925,Female,No,0,Graduate,Yes,2600,1717.0,99.0,300.0,1.0,Semiurban,N,4.59511985013459,4317.0,8.370315995555478,11.827510461082667
287,LP001926,Male,Yes,0,Graduate,No,3704,2000.0,120.0,360.0,1.0,Rural,Y,4.787491742782046,5704.0,8.648922962094131,13.874559933754439
288,LP001931,Female,No,0,Graduate,No,4124,0.0,115.0,360.0,1.0,Semiurban,Y,4.74493212836325,4124.0,8.32457884513685,13.814512678582178
289,LP001935,Male,No,0,Graduate,No,9508,0.0,187.0,360.0,1.0,Rural,Y,5.231108616854587,9508.0,9.159888828480085,20.4150949320014
290,LP001936,Male,Yes,0,Graduate,No,3075,2416.0,139.0,360.0,1.0,Rural,Y,4.9344739331306915,5491.0,8.610865667278873,16.142395593069974
291,LP001938,Male,Yes,2,Graduate,No,4400,0.0,127.0,360.0,0.0,Semiurban,N,4.844187086458591,4400.0,8.389359819906353,15.138223026106616
292,LP001940,Male,Yes,2,Graduate,No,3153,1560.0,134.0,360.0,1.0,Urban,Y,4.897839799950911,4713.0,8.45807992692373,15.84283917363463
293,LP001945,Female,No,,Graduate,No,5417,0.0,143.0,480.0,0.0,Urban,N,4.962844630259907,5417.0,8.597297435657898,16.633133966832112
294,LP001947,Male,Yes,0,Graduate,No,2383,3334.0,172.0,360.0,1.0,Semiurban,Y,5.147494476813453,5717.0,8.651199471263972,19.8816361328067
295,LP001949,Male,Yes,3+,Graduate,No,4416,1250.0,110.0,360.0,1.0,Urban,Y,4.700480365792417,5666.0,8.642238680390461,12.72818352605718
296,LP001953,Male,Yes,1,Graduate,No,6875,0.0,200.0,360.0,1.0,Semiurban,Y,5.298317366548036,6875.0,8.835646922534773,22.63558081863959
297,LP001954,Female,Yes,1,Graduate,No,4666,0.0,135.0,360.0,1.0,Urban,Y,4.90527477843843,4666.0,8.448057452581375,15.980004960637384
298,LP001955,Female,No,0,Graduate,No,5000,2541.0,151.0,480.0,1.0,Rural,N,5.017279836814924,7541.0,8.928110078202646,16.9128739091889
299,LP001963,Male,Yes,1,Graduate,No,2014,2925.0,113.0,360.0,1.0,Urban,N,4.727387818712341,4939.0,8.504918160540624,13.286430024015308
300,LP001964,Male,Yes,0,Not Graduate,No,1800,2934.0,93.0,360.0,0.0,Urban,N,4.532599493153256,4734.0,8.46252579007393,10.989626774205382
301,LP001972,Male,Yes,,Not Graduate,No,2875,1750.0,105.0,360.0,1.0,Semiurban,Y,4.653960350157523,4625.0,8.439231649946526,12.441890962984209
302,LP001974,Female,No,0,Graduate,No,5000,0.0,132.0,360.0,1.0,Rural,Y,4.882801922586371,5000.0,8.517193191416238,15.498063391708865
303,LP001977,Male,Yes,1,Graduate,No,1625,1803.0,96.0,360.0,1.0,Urban,Y,4.564348191467836,3428.0,8.13973227971767,11.793999692005816
304,LP001978,Male,No,0,Graduate,No,4000,2500.0,140.0,360.0,1.0,Rural,Y,4.941642422609304,6500.0,8.779557455883728,15.94613403961236
305,LP001990,Male,No,0,Not Graduate,No,2000,0.0,146.41216216216216,360.0,1.0,Urban,N,4.986425672954842,2000.0,7.600902459542082,19.262470863358875
306,LP001993,Female,No,0,Graduate,No,3762,1666.0,135.0,360.0,1.0,Rural,Y,4.90527477843843,5428.0,8.59932602095476,15.698904736375063
307,LP001994,Female,No,0,Graduate,No,2400,1863.0,104.0,360.0,0.0,Urban,N,4.6443908991413725,4263.0,8.35772841676521,12.443572561101757
308,LP001996,Male,No,0,Graduate,No,20233,0.0,480.0,360.0,1.0,Rural,N,6.173786103901937,20233.0,9.915070213779195,48.41115490366707
309,LP001998,Male,Yes,2,Not Graduate,No,7667,0.0,185.0,360.0,,Rural,Y,5.220355825078324,7667.0,8.944680683558895,20.68268354621604
310,LP002002,Female,No,0,Graduate,No,2917,0.0,84.0,360.0,1.0,Semiurban,Y,4.430816798843313,2917.0,7.978310969867722,10.528544239156512
311,LP002004,Male,No,0,Not Graduate,No,2927,2405.0,111.0,360.0,1.0,Semiurban,Y,4.709530201312334,5332.0,8.5814816812986,12.934829219748778
312,LP002006,Female,No,0,Graduate,No,2507,0.0,56.0,360.0,1.0,Rural,Y,4.02535169073515,2507.0,7.826842098158293,7.15486518032313
313,LP002008,Male,Yes,2,Graduate,Yes,5746,0.0,144.0,84.0,,Rural,Y,4.969813299576001,5746.0,8.656259239539235,16.635361305060105
314,LP002024,,Yes,0,Graduate,No,2473,1843.0,159.0,360.0,1.0,Rural,N,5.0689042022202315,4316.0,8.370084326378025,18.996224386762403
315,LP002031,Male,Yes,1,Not Graduate,No,3399,1640.0,111.0,180.0,1.0,Urban,Y,4.709530201312334,5039.0,8.524962928680598,13.020584479794259
316,LP002035,Male,Yes,2,Graduate,No,3717,0.0,120.0,360.0,1.0,Semiurban,Y,4.787491742782046,3717.0,8.220672170297252,14.59734648385339
317,LP002036,Male,Yes,0,Graduate,No,2058,2134.0,88.0,360.0,,Urban,Y,4.477336814478207,4192.0,8.340933226000878,10.550378190977588
318,LP002043,Female,No,1,Graduate,No,3541,0.0,112.0,360.0,,Semiurban,Y,4.718498871295094,3541.0,8.172164452111904,13.705059492660629
319,LP002050,Male,Yes,1,Graduate,Yes,10000,0.0,155.0,360.0,1.0,Rural,N,5.043425116919247,10000.0,9.210340371976184,16.828911173751006
320,LP002051,Male,Yes,0,Graduate,No,2400,2167.0,115.0,360.0,1.0,Semiurban,Y,4.74493212836325,4567.0,8.426611813185,13.647240735601601
321,LP002053,Male,Yes,3+,Graduate,No,4342,189.0,124.0,360.0,1.0,Semiurban,Y,4.820281565605037,4531.0,8.418697944667139,14.729118542440204
322,LP002054,Male,Yes,2,Not Graduate,No,3601,1590.0,146.41216216216216,360.0,1.0,Rural,Y,4.986425672954842,5191.0,8.55468163582723,17.114858085306672
323,LP002055,Female,No,0,Graduate,No,3166,2985.0,132.0,360.0,,Rural,Y,4.882801922586371,6151.0,8.724369949208368,15.130032399872889
324,LP002065,Male,Yes,3+,Graduate,No,15000,0.0,300.0,360.0,1.0,Rural,Y,5.703782474656201,15000.0,9.615805480084347,31.19863443799286
325,LP002067,Male,Yes,1,Graduate,Yes,8666,4983.0,376.0,360.0,0.0,Rural,N,5.929589143389895,13649.0,9.521421537856195,39.489901639693464
326,LP002068,Male,No,0,Graduate,No,4917,0.0,130.0,360.0,0.0,Rural,Y,4.867534450455582,4917.0,8.50045386741194,15.29330104341593
327,LP002082,Male,Yes,0,Graduate,Yes,5818,2160.0,184.0,360.0,1.0,Semiurban,Y,5.214935757608986,7978.0,8.984443032465352,20.47984492028216
328,LP002086,Female,Yes,0,Graduate,No,4333,2451.0,110.0,360.0,1.0,Urban,N,4.700480365792417,6784.0,8.822322177471738,12.468372587989448
329,LP002087,Female,No,0,Graduate,No,2500,0.0,67.0,360.0,1.0,Urban,Y,4.204692619390966,2500.0,7.824046010856292,8.563344324283603
330,LP002097,Male,No,1,Graduate,No,4384,1793.0,117.0,360.0,1.0,Urban,Y,4.762173934797756,6177.0,8.728587995695898,13.404229877466225
331,LP002098,Male,No,0,Graduate,No,2935,0.0,98.0,360.0,1.0,Semiurban,Y,4.584967478670572,2935.0,7.984462732262196,12.273837737887991
332,LP002100,Male,No,,Graduate,No,2833,0.0,71.0,360.0,1.0,Urban,Y,4.2626798770413155,2833.0,7.949091499830517,8.931838311524505
333,LP002101,Male,Yes,0,Graduate,No,63337,0.0,490.0,180.0,1.0,Urban,Y,6.194405391104672,63337.0,11.05622495553552,44.31892458507474
334,LP002103,,Yes,1,Graduate,Yes,9833,1833.0,182.0,180.0,1.0,Urban,Y,5.204006687076795,11666.0,9.364433907313582,19.43523781590885
335,LP002106,Male,Yes,,Graduate,Yes,5503,4490.0,70.0,,1.0,Semiurban,Y,4.248495242049359,9993.0,9.209640126861789,7.600731302825912
336,LP002110,Male,Yes,1,Graduate,No,5250,688.0,160.0,360.0,1.0,Rural,Y,5.075173815233827,5938.0,8.689127655323706,18.413816247937188
337,LP002112,Male,Yes,2,Graduate,Yes,2500,4600.0,176.0,360.0,1.0,Rural,Y,5.170483995038151,7100.0,8.867850063029406,19.846975168621135
338,LP002113,Female,No,3+,Not Graduate,No,1830,0.0,146.41216216216216,360.0,0.0,Urban,N,4.986425672954842,1830.0,7.512071245835466,19.490252071734538
339,LP002114,Female,No,0,Graduate,No,4160,0.0,71.0,360.0,1.0,Semiurban,Y,4.2626798770413155,4160.0,8.333270353255308,8.520064391318417
340,LP002115,Male,Yes,3+,Not Graduate,No,2647,1587.0,173.0,360.0,1.0,Rural,N,5.153291594497779,4234.0,8.350902451694811,20.71632389441811
341,LP002116,Female,No,0,Graduate,No,2378,0.0,46.0,360.0,1.0,Rural,N,3.828641396489095,2378.0,7.774015077250727,5.917148287325918
342,LP002119,Male,Yes,1,Not Graduate,No,4554,1229.0,158.0,360.0,1.0,Urban,Y,5.062595033026967,5783.0,8.662677858158219,18.239163753642405
343,LP002126,Male,Yes,3+,Not Graduate,No,3173,0.0,74.0,360.0,1.0,Semiurban,Y,4.30406509320417,3173.0,8.062432791583195,9.178371083880856
344,LP002128,Male,Yes,2,Graduate,No,2583,2330.0,125.0,360.0,1.0,Rural,Y,4.8283137373023015,4913.0,8.499640032168648,14.706505161031716
345,LP002129,Male,Yes,0,Graduate,No,2499,2458.0,160.0,360.0,1.0,Semiurban,Y,5.075173815233827,4957.0,8.508555998020574,18.804600926082205
346,LP002130,Male,Yes,,Not Graduate,No,3523,3230.0,152.0,360.0,0.0,Rural,N,5.0238805208462765,6753.0,8.817742129574842,17.23797291487916
347,LP002131,Male,Yes,2,Not Graduate,No,3083,2168.0,126.0,360.0,1.0,Urban,Y,4.836281906951478,5251.0,8.566173813637858,14.709017437797083
348,LP002137,Male,Yes,0,Graduate,No,6333,4583.0,259.0,360.0,,Semiurban,Y,5.556828061699537,10916.0,9.29798488182823,27.855498077458023
349,LP002138,Male,Yes,0,Graduate,No,2625,6250.0,187.0,360.0,1.0,Rural,Y,5.231108616854587,8875.0,9.090993614343617,20.569808750602853
350,LP002139,Male,Yes,0,Graduate,No,9083,0.0,228.0,360.0,1.0,Semiurban,Y,5.429345628954441,9083.0,9.114159813502214,25.016019541617908
351,LP002140,Male,No,0,Graduate,No,8750,4167.0,308.0,360.0,1.0,Rural,N,5.730099782973574,12917.0,9.466299552232016,32.5364730220668
352,LP002141,Male,Yes,3+,Graduate,No,2666,2083.0,95.0,360.0,1.0,Rural,Y,4.553876891600541,4749.0,8.465689348549121,11.221767783893632
353,LP002142,Female,Yes,0,Graduate,Yes,5500,0.0,105.0,360.0,0.0,Rural,N,4.653960350157523,5500.0,8.612503371220562,12.191577230711658
354,LP002143,Female,Yes,0,Graduate,No,2423,505.0,130.0,360.0,1.0,Semiurban,Y,4.867534450455582,2928.0,7.982074875081202,16.286492175842625
355,LP002144,Female,No,,Graduate,No,3813,0.0,116.0,180.0,1.0,Urban,Y,4.7535901911063645,3813.0,8.246171559857563,14.067133961254097
356,LP002149,Male,Yes,2,Graduate,No,8333,3167.0,165.0,360.0,1.0,Rural,Y,5.10594547390058,11500.0,9.350102314351341,17.646865718971203
357,LP002151,Male,Yes,1,Graduate,No,3875,0.0,67.0,360.0,1.0,Urban,N,4.204692619390966,3875.0,8.262300941787448,8.109121232941362
358,LP002158,Male,Yes,0,Not Graduate,No,3000,1666.0,100.0,480.0,0.0,Urban,N,4.605170185988092,4666.0,8.448057452581375,11.837040711583247
359,LP002160,Male,Yes,3+,Graduate,No,5167,3167.0,200.0,360.0,1.0,Semiurban,Y,5.298317366548036,8334.0,9.0280988119824,22.15305837531964
360,LP002161,Female,No,1,Graduate,No,4723,0.0,81.0,360.0,1.0,Semiurban,N,4.394449154672439,4723.0,8.460199469896118,9.574242343602165
361,LP002170,Male,Yes,2,Graduate,No,5000,3667.0,236.0,360.0,1.0,Semiurban,Y,5.4638318050256105,8667.0,9.067277989134345,26.027656842859294
362,LP002175,Male,Yes,0,Graduate,No,4750,2333.0,130.0,360.0,1.0,Urban,Y,4.867534450455582,7083.0,8.865452825753623,14.663661581093477
363,LP002178,Male,Yes,0,Graduate,No,3013,3033.0,95.0,300.0,,Urban,Y,4.553876891600541,6046.0,8.707152175339404,10.910570768369155
364,LP002180,Male,No,0,Graduate,Yes,6822,0.0,141.0,360.0,1.0,Rural,Y,4.948759890378168,6822.0,8.82790796297859,15.972074084971059
365,LP002181,Male,No,0,Not Graduate,No,6216,0.0,133.0,360.0,1.0,Rural,N,4.890349128221754,6216.0,8.734881892047483,15.226307767376623
366,LP002187,Male,No,0,Graduate,No,2500,0.0,96.0,480.0,1.0,Semiurban,N,4.564348191467836,2500.0,7.824046010856292,12.26986649449591
367,LP002188,Male,No,0,Graduate,No,5124,0.0,124.0,,0.0,Rural,N,4.820281565605037,5124.0,8.541690663016626,14.517032387614883
368,LP002190,Male,Yes,1,Graduate,No,6325,0.0,175.0,360.0,1.0,Semiurban,Y,5.1647859739235145,6325.0,8.752265313595721,19.994823480517205
369,LP002191,Male,Yes,0,Graduate,No,19730,5266.0,570.0,360.0,1.0,Rural,N,6.345636360828596,24996.0,10.126471091048971,56.288118029965695
370,LP002194,Female,No,0,Graduate,Yes,15759,0.0,55.0,360.0,1.0,Semiurban,Y,4.007333185232471,15759.0,9.665166909622071,5.6905380439157485
371,LP002197,Male,Yes,2,Graduate,No,5185,0.0,155.0,360.0,1.0,Semiurban,Y,5.043425116919247,5185.0,8.553525120663627,18.121183700688576
372,LP002201,Male,Yes,2,Graduate,Yes,9323,7873.0,380.0,300.0,1.0,Rural,Y,5.940171252720432,17196.0,9.752432077616172,38.96463948435773
373,LP002205,Male,No,1,Graduate,No,3062,1987.0,111.0,180.0,0.0,Urban,N,4.709530201312334,5049.0,8.526945482858915,13.017557133810115
374,LP002209,Female,No,0,Graduate,No,2764,1459.0,110.0,360.0,1.0,Urban,Y,4.700480365792417,4223.0,8.348301054933943,13.176333636768971
375,LP002211,Male,Yes,0,Graduate,No,4817,923.0,120.0,180.0,1.0,Urban,Y,4.787491742782046,5740.0,8.655214489313613,13.86447443309015
376,LP002219,Male,Yes,3+,Graduate,No,8750,4996.0,130.0,360.0,1.0,Rural,Y,4.867534450455582,13746.0,9.52850315168155,13.643276171563018
377,LP002223,Male,Yes,0,Graduate,No,4310,0.0,130.0,360.0,,Semiurban,Y,4.867534450455582,4310.0,8.368693183097793,15.534086046141628
378,LP002224,Male,No,0,Graduate,No,3069,0.0,71.0,480.0,1.0,Urban,N,4.2626798770413155,3069.0,8.029107054619736,8.84282642104622
379,LP002225,Male,Yes,2,Graduate,No,5391,0.0,130.0,360.0,1.0,Urban,Y,4.867534450455582,5391.0,8.592486175451668,15.129497719926967
380,LP002226,Male,Yes,0,Graduate,No,3333,2500.0,128.0,360.0,1.0,Semiurban,Y,4.852030263919617,5833.0,8.671286726753637,14.761361725599487
381,LP002229,Male,No,0,Graduate,No,5941,4232.0,296.0,360.0,1.0,Semiurban,Y,5.69035945432406,10173.0,9.227492430793749,32.07805394802563
382,LP002231,Female,No,0,Graduate,No,6000,0.0,156.0,360.0,1.0,Urban,Y,5.049856007249537,6000.0,8.699514748210191,17.932034661139568
383,LP002234,Male,No,0,Graduate,Yes,7167,0.0,128.0,360.0,1.0,Urban,Y,4.852030263919617,7167.0,8.877242435993919,14.418892006487011
384,LP002236,Male,Yes,2,Graduate,No,4566,0.0,100.0,360.0,1.0,Urban,N,4.605170185988092,4566.0,8.42639282708974,11.86747426235734
385,LP002237,Male,No,1,Graduate,No,3667,0.0,113.0,180.0,1.0,Urban,Y,4.727387818712341,3667.0,8.207129168071326,13.768517308050969
386,LP002239,Male,No,0,Not Graduate,No,2346,1600.0,132.0,360.0,1.0,Semiurban,Y,4.882801922586371,3946.0,8.28045768658256,15.941147820112576
387,LP002243,Male,Yes,0,Not Graduate,No,3010,3136.0,146.41216216216216,360.0,0.0,Urban,N,4.986425672954842,6146.0,8.72355674269043,16.783539842833328
388,LP002244,Male,Yes,0,Graduate,No,2333,2417.0,136.0,360.0,1.0,Urban,Y,4.912654885736052,4750.0,8.465899897028686,16.06444697600695
389,LP002250,Male,Yes,0,Graduate,No,5488,0.0,125.0,360.0,1.0,Rural,Y,4.8283137373023015,5488.0,8.610319169405722,14.517464166038273
390,LP002255,Male,No,3+,Graduate,No,9167,0.0,185.0,360.0,1.0,Rural,Y,5.220355825078324,9167.0,9.123365357961776,20.27760510967088
391,LP002262,Male,Yes,3+,Graduate,No,9504,0.0,275.0,360.0,1.0,Rural,Y,5.616771097666572,9504.0,9.159468041602427,30.023577652211493
392,LP002263,Male,Yes,0,Graduate,No,2583,2115.0,120.0,360.0,,Urban,Y,4.787491742782046,4698.0,8.454892165218858,14.192966350729767
393,LP002265,Male,Yes,2,Not Graduate,No,1993,1625.0,113.0,180.0,1.0,Semiurban,Y,4.727387818712341,3618.0,8.193676665955241,13.79112266774151
394,LP002266,Male,Yes,2,Graduate,No,3100,1400.0,113.0,360.0,1.0,Urban,Y,4.727387818712341,4500.0,8.411832675758411,13.433457886727629
395,LP002272,Male,Yes,2,Graduate,No,3276,484.0,135.0,360.0,,Semiurban,Y,4.90527477843843,3760.0,8.23217423638394,16.399069811148703
396,LP002277,Female,No,0,Graduate,No,3180,0.0,71.0,360.0,0.0,Urban,N,4.2626798770413155,3180.0,8.064636475774222,8.803868619903769
397,LP002281,Male,Yes,0,Graduate,No,3033,1459.0,95.0,360.0,1.0,Urban,Y,4.553876891600541,4492.0,8.410053315858335,11.296004487969675
398,LP002284,Male,No,0,Not Graduate,No,3902,1666.0,109.0,360.0,1.0,Rural,Y,4.6913478822291435,5568.0,8.624791202014256,12.63798710565235
399,LP002287,Female,No,0,Graduate,No,1500,1800.0,103.0,360.0,0.0,Semiurban,N,4.634728988229636,3300.0,8.101677747454572,12.71341606155109
400,LP002288,Male,Yes,2,Not Graduate,No,2889,0.0,45.0,180.0,0.0,Urban,N,3.8066624897703196,2889.0,7.968665700466235,5.647118563069739
401,LP002296,Male,No,0,Not Graduate,No,2755,0.0,65.0,300.0,1.0,Rural,N,4.174387269895637,2755.0,7.9211727215870145,8.205855658576928
402,LP002297,Male,No,0,Graduate,No,2500,20000.0,103.0,360.0,1.0,Semiurban,Y,4.634728988229636,22500.0,10.021270588192511,10.278137796354786
403,LP002300,Female,No,0,Not Graduate,No,1963,0.0,53.0,360.0,1.0,Semiurban,Y,3.970291913552122,1963.0,7.5822291942764615,6.990028742471633
404,LP002301,Female,No,0,Graduate,Yes,7441,0.0,194.0,360.0,1.0,Rural,N,5.267858159063328,7441.0,8.914760527397261,21.76166139334759
405,LP002305,Female,No,0,Graduate,No,4547,0.0,115.0,360.0,1.0,Semiurban,Y,4.74493212836325,4547.0,8.42222295382501,13.654352375909495
406,LP002308,Male,Yes,0,Not Graduate,No,2167,2400.0,115.0,360.0,1.0,Urban,Y,4.74493212836325,4567.0,8.426611813185,13.647240735601601
407,LP002314,Female,No,0,Not Graduate,No,2213,0.0,66.0,360.0,1.0,Rural,Y,4.189654742026425,2213.0,7.70210434005105,8.569086717872553
408,LP002315,Male,Yes,1,Graduate,No,8300,0.0,152.0,300.0,0.0,Semiurban,N,5.0238805208462765,8300.0,9.02401079378469,16.84395148382251
409,LP002317,Male,Yes,3+,Graduate,No,81000,0.0,360.0,360.0,0.0,Rural,N,5.886104031450156,81000.0,11.302204433654575,31.8521932701932
410,LP002318,Female,No,1,Not Graduate,Yes,3867,0.0,62.0,360.0,1.0,Semiurban,N,4.127134385045092,3867.0,8.260234291607297,7.505840368595148
411,LP002319,Male,Yes,0,Graduate,No,6256,0.0,160.0,360.0,,Urban,Y,5.075173815233827,6256.0,8.741296282225147,18.30392139039487
412,LP002328,Male,Yes,0,Not Graduate,No,6096,0.0,218.0,360.0,0.0,Rural,N,5.384495062789089,6096.0,8.715388097366482,25.01322919467841
413,LP002332,Male,Yes,0,Not Graduate,No,2253,2033.0,110.0,360.0,1.0,Rural,Y,4.700480365792417,4286.0,8.363109176033522,13.153002990231332
414,LP002335,Female,Yes,0,Not Graduate,No,2149,3237.0,178.0,360.0,0.0,Semiurban,N,5.181783550292085,5386.0,8.591558273371545,20.718011137943233
415,LP002337,Female,No,0,Graduate,No,2995,0.0,60.0,360.0,1.0,Urban,Y,4.0943445622221,2995.0,8.00469951054955,7.4955967954730625
416,LP002341,Female,No,1,Graduate,No,2600,0.0,160.0,360.0,1.0,Urban,N,5.075173815233827,2600.0,7.8632667240095735,20.34777728084163
417,LP002342,Male,Yes,2,Graduate,Yes,1600,20000.0,239.0,360.0,1.0,Urban,N,5.476463551931511,21600.0,9.980448593672257,23.94681939963393
418,LP002345,Male,Yes,0,Graduate,No,1025,2773.0,112.0,360.0,1.0,Rural,Y,4.718498871295094,3798.0,8.242229891372231,13.58855570350433
419,LP002347,Male,Yes,0,Graduate,No,3246,1417.0,138.0,360.0,1.0,Semiurban,Y,4.927253685157205,4663.0,8.44741429680832,16.336359879039012
420,LP002348,Male,Yes,0,Graduate,No,5829,0.0,138.0,360.0,1.0,Rural,Y,4.927253685157205,5829.0,8.67060073804555,15.915852219382291
421,LP002357,Female,No,0,Not Graduate,No,2720,0.0,80.0,,0.0,Urban,N,4.382026634673881,2720.0,7.908387159290043,10.11584263499586
422,LP002361,Male,Yes,0,Graduate,No,1820,1719.0,100.0,360.0,1.0,Urban,Y,4.605170185988092,3539.0,8.171599480345463,12.237506285094186
423,LP002362,Male,Yes,1,Graduate,No,7250,1667.0,110.0,,0.0,Urban,N,4.700480365792417,8917.0,9.095714846134879,12.093606919388337
424,LP002364,Male,Yes,0,Graduate,No,14880,0.0,96.0,360.0,1.0,Semiurban,Y,4.564348191467836,14880.0,9.607773308387083,9.991909354917548
425,LP002366,Male,Yes,0,Graduate,No,2666,4300.0,121.0,360.0,1.0,Rural,Y,4.795790545596741,6966.0,8.848796450925947,13.67417599342998
426,LP002367,Female,No,1,Not Graduate,No,4606,0.0,81.0,360.0,1.0,Rural,N,4.394449154672439,4606.0,8.43511508038063,9.602714275754128
427,LP002368,Male,Yes,2,Graduate,No,5935,0.0,133.0,360.0,1.0,Semiurban,Y,4.890349128221754,5935.0,8.688622307043769,15.307375012972814
428,LP002369,Male,Yes,0,Graduate,No,2920,16.12000084,87.0,360.0,1.0,Rural,Y,4.465908118654584,2936.12000084,7.984844261119869,10.895641437068969
429,LP002370,Male,No,0,Not Graduate,No,2717,0.0,60.0,180.0,1.0,Urban,Y,4.0943445622221,2717.0,7.907283609426348,7.587940810479268
430,LP002377,Female,No,1,Graduate,Yes,8624,0.0,150.0,360.0,1.0,Semiurban,Y,5.0106352940962555,8624.0,9.06230429314878,16.552081584084743
431,LP002379,Male,No,0,Graduate,No,6500,0.0,105.0,360.0,0.0,Rural,N,4.653960350157523,6500.0,8.779557455883728,11.95960052970927
432,LP002386,Male,No,0,Graduate,No,12876,0.0,405.0,360.0,1.0,Semiurban,Y,6.003887067106539,12876.0,9.463120392418698,42.79772244306037
433,LP002387,Male,Yes,0,Graduate,No,2425,2340.0,143.0,360.0,1.0,Semiurban,Y,4.962844630259907,4765.0,8.469052816088302,16.885005100965827
434,LP002390,Male,No,0,Graduate,No,3750,0.0,100.0,360.0,1.0,Urban,Y,4.605170185988092,3750.0,8.229511118964457,12.15139010743366
435,LP002393,Female,,,Graduate,No,10047,0.0,146.41216216216216,240.0,1.0,Semiurban,Y,4.986425672954842,10047.0,9.215029361462314,15.888409729269524
436,LP002398,Male,No,0,Graduate,No,1926,1851.0,50.0,360.0,1.0,Semiurban,Y,3.912023005428146,3777.0,8.236685322712457,6.0704030858294695
437,LP002401,Male,Yes,0,Graduate,No,2213,1125.0,146.41216216216216,360.0,1.0,Urban,Y,4.986425672954842,3338.0,8.11312710422178,18.04632915044244
438,LP002403,Male,No,0,Graduate,Yes,10416,0.0,187.0,360.0,0.0,Urban,N,5.231108616854587,10416.0,9.251098364448351,20.21381598520609
439,LP002407,Female,Yes,0,Not Graduate,Yes,7142,0.0,138.0,360.0,1.0,Rural,Y,4.927253685157205,7142.0,8.873748128154395,15.551489405266894
440,LP002408,Male,No,0,Graduate,No,3660,5064.0,187.0,360.0,1.0,Semiurban,Y,5.231108616854587,8724.0,9.07383312732152,20.60871049489975
441,LP002409,Male,Yes,0,Graduate,No,7901,1833.0,180.0,360.0,1.0,Rural,Y,5.19295685089021,9734.0,9.1833801903934,19.60062594253643
442,LP002418,Male,No,3+,Not Graduate,No,4707,1993.0,148.0,360.0,1.0,Semiurban,Y,4.997212273764115,6700.0,8.809862805379057,16.79935355061776
443,LP002422,Male,No,1,Graduate,No,37719,0.0,152.0,360.0,1.0,Semiurban,Y,5.0238805208462765,37719.0,10.537919225261291,14.424099933849238
444,LP002424,Male,Yes,0,Graduate,No,7333,8333.0,175.0,300.0,,Rural,Y,5.1647859739235145,15666.0,9.659248037927183,18.117352335591743
445,LP002429,Male,Yes,1,Graduate,Yes,3466,1210.0,130.0,360.0,1.0,Rural,Y,4.867534450455582,4676.0,8.450198322591959,15.384254314178587
446,LP002434,Male,Yes,2,Not Graduate,No,4652,0.0,110.0,360.0,1.0,Rural,Y,4.700480365792417,4652.0,8.445052513638554,13.025377855537627
447,LP002435,Male,Yes,0,Graduate,No,3539,1376.0,55.0,360.0,1.0,Rural,N,4.007333185232471,4915.0,8.500047032581268,6.470552432143164
448,LP002443,Male,Yes,2,Graduate,No,3340,1710.0,150.0,360.0,0.0,Rural,N,5.0106352940962555,5050.0,8.527143522269405,17.590884873493856
449,LP002444,Male,No,1,Not Graduate,Yes,2769,1542.0,190.0,360.0,,Semiurban,N,5.247024072160486,4311.0,8.368925174747135,22.703034862029437
450,LP002446,Male,Yes,2,Not Graduate,No,2309,1255.0,125.0,360.0,0.0,Rural,N,4.8283137373023015,3564.0,8.1786387885907,15.283716915628615
451,LP002447,Male,Yes,2,Not Graduate,No,1958,1456.0,60.0,300.0,,Urban,Y,4.0943445622221,3414.0,8.135639903354386,7.3749576816030835
452,LP002448,Male,Yes,0,Graduate,No,3948,1733.0,149.0,360.0,0.0,Rural,N,5.003946305945459,5681.0,8.644882552557126,17.23563033900632
453,LP002449,Male,Yes,0,Graduate,No,2483,2466.0,90.0,180.0,0.0,Rural,Y,4.499809670330265,4949.0,8.506940814951886,10.579596350525335
454,LP002453,Male,No,0,Graduate,Yes,7085,0.0,84.0,360.0,1.0,Semiurban,Y,4.430816798843313,7085.0,8.865735152124781,9.474679601710003
455,LP002455,Male,Yes,2,Graduate,No,3859,0.0,96.0,360.0,1.0,Semiurban,Y,4.564348191467836,3859.0,8.258163361537619,11.624860855516594
456,LP002459,Male,Yes,0,Graduate,No,4301,0.0,118.0,360.0,1.0,Urban,Y,4.770684624465665,4301.0,8.366602832783736,14.103693262171864
457,LP002467,Male,Yes,0,Graduate,No,3708,2569.0,173.0,360.0,1.0,Urban,N,5.153291594497779,6277.0,8.744647438317532,19.78353057916823
458,LP002472,Male,No,2,Graduate,No,4354,0.0,136.0,360.0,1.0,Rural,Y,4.912654885736052,4354.0,8.378850241794492,16.23134392850456
459,LP002473,Male,Yes,0,Graduate,No,8334,0.0,160.0,360.0,1.0,Semiurban,N,5.075173815233827,8334.0,9.0280988119824,17.722446700255713
460,LP002478,,Yes,0,Graduate,Yes,2083,4083.0,160.0,360.0,,Semiurban,Y,5.075173815233827,6166.0,8.726805608446096,18.33431465978188
461,LP002484,Male,Yes,3+,Graduate,No,7740,0.0,128.0,180.0,1.0,Urban,Y,4.852030263919617,7740.0,8.954156966583772,14.29503642583955
462,LP002487,Male,Yes,0,Graduate,No,3015,2188.0,153.0,360.0,1.0,Rural,Y,5.030437921392435,5203.0,8.556990661290303,17.880117678769235
463,LP002489,Female,No,1,Not Graduate,No,5191,0.0,132.0,360.0,1.0,Semiurban,Y,4.882801922586371,5191.0,8.55468163582723,15.430147563549362
464,LP002493,Male,No,0,Graduate,No,4166,0.0,98.0,360.0,0.0,Semiurban,N,4.584967478670572,4166.0,8.334711621820917,11.75805528093239
465,LP002494,Male,No,0,Graduate,No,6000,0.0,140.0,360.0,1.0,Rural,Y,4.941642422609304,6000.0,8.699514748210191,16.092851618971405
466,LP002500,Male,Yes,3+,Not Graduate,No,2947,1664.0,70.0,180.0,0.0,Urban,N,4.248495242049359,4611.0,8.436200032206706,8.297574705763548
467,LP002501,,Yes,0,Graduate,No,16692,0.0,110.0,360.0,1.0,Semiurban,Y,4.700480365792417,16692.0,9.722684841711443,11.313747364111533
468,LP002502,Female,Yes,2,Not Graduate,No,210,2917.0,98.0,360.0,1.0,Semiurban,Y,4.584967478670572,3127.0,8.047829357457841,12.177196564087732
469,LP002505,Male,Yes,0,Graduate,No,4333,2451.0,110.0,360.0,1.0,Urban,N,4.700480365792417,6784.0,8.822322177471738,12.468372587989448
470,LP002515,Male,Yes,1,Graduate,Yes,3450,2079.0,162.0,360.0,1.0,Semiurban,Y,5.087596335232384,5529.0,8.617762246337932,18.798383544271132
471,LP002517,Male,Yes,1,Not Graduate,No,2653,1500.0,113.0,180.0,0.0,Rural,N,4.727387818712341,4153.0,8.331586243630754,13.562843460497703
472,LP002519,Male,Yes,3+,Graduate,No,4691,0.0,100.0,360.0,1.0,Semiurban,Y,4.605170185988092,4691.0,8.453401058328458,11.829558222779223
473,LP002522,Female,No,0,Graduate,Yes,2500,0.0,93.0,360.0,,Urban,Y,4.532599493153256,2500.0,7.824046010856292,11.886433166542913
474,LP002524,Male,No,2,Graduate,No,5532,4648.0,162.0,360.0,1.0,Rural,Y,5.087596335232384,10180.0,9.228180290104513,17.55492360435508
475,LP002527,Male,Yes,2,Graduate,Yes,16525,1014.0,150.0,360.0,1.0,Rural,Y,5.0106352940962555,17539.0,9.772182251758139,15.349693255364032
476,LP002529,Male,Yes,2,Graduate,No,6700,1750.0,230.0,300.0,1.0,Semiurban,Y,5.438079308923196,8450.0,9.041921720351219,25.437070471681324
477,LP002530,,Yes,2,Graduate,No,2873,1872.0,132.0,360.0,0.0,Semiurban,N,4.882801922586371,4745.0,8.464846711044029,15.593903174617502
478,LP002531,Male,Yes,1,Graduate,Yes,16667,2250.0,86.0,360.0,1.0,Semiurban,Y,4.454347296253507,18917.0,9.847816267665664,8.732900539825518
479,LP002533,Male,Yes,2,Graduate,No,2947,1603.0,146.41216216216216,360.0,1.0,Urban,N,4.986425672954842,4550.0,8.422882511944996,17.382667032874586
480,LP002534,Female,No,0,Not Graduate,No,4350,0.0,154.0,360.0,1.0,Rural,Y,5.0369526024136295,4350.0,8.37793112408273,18.381626408615396
481,LP002536,Male,Yes,3+,Not Graduate,No,3095,0.0,113.0,360.0,1.0,Rural,Y,4.727387818712341,3095.0,8.037543185118697,14.059022439744595
482,LP002537,Male,Yes,0,Graduate,No,2083,3150.0,128.0,360.0,1.0,Semiurban,Y,4.852030263919617,5233.0,8.562740006372207,14.948486104301328
483,LP002541,Male,Yes,0,Graduate,No,10833,0.0,234.0,360.0,1.0,Semiurban,Y,5.455321115357702,10833.0,9.290352309945568,25.18741939953093
484,LP002543,Male,Yes,2,Graduate,No,8333,0.0,246.0,360.0,1.0,Semiurban,Y,5.5053315359323625,8333.0,9.027978814382207,27.248623978614642
485,LP002544,Male,Yes,1,Not Graduate,No,1958,2436.0,131.0,360.0,1.0,Rural,Y,4.875197323201151,4394.0,8.387995252944556,15.617557717860322
486,LP002545,Male,No,2,Graduate,No,3547,0.0,80.0,360.0,0.0,Rural,N,4.382026634673881,3547.0,8.173857454773621,9.787300603496472
487,LP002547,Male,Yes,1,Graduate,No,18333,0.0,500.0,360.0,1.0,Urban,N,6.214608098422191,18333.0,9.816457993563025,50.93486880174768
488,LP002555,Male,Yes,2,Graduate,Yes,4583,2083.0,160.0,360.0,1.0,Semiurban,Y,5.075173815233827,6666.0,8.804775258867686,18.17195729542975
489,LP002556,Male,No,0,Graduate,No,2435,0.0,75.0,360.0,1.0,Urban,N,4.31748811353631,2435.0,7.79770203551669,9.618218246656864
490,LP002560,Male,No,0,Not Graduate,No,2699,2785.0,96.0,360.0,,Semiurban,Y,4.564348191467836,5484.0,8.609590040682205,11.150356700653447
491,LP002562,Male,Yes,1,Not Graduate,No,5333,1131.0,186.0,360.0,,Urban,Y,5.225746673713202,6464.0,8.774003600200931,21.198988338201783
492,LP002571,Male,No,0,Not Graduate,No,3691,0.0,110.0,360.0,1.0,Rural,Y,4.700480365792417,3691.0,8.213652703029998,13.392336391264905
493,LP002582,Female,No,0,Not Graduate,Yes,17263,0.0,225.0,360.0,1.0,Semiurban,Y,5.41610040220442,17263.0,9.756320761816548,23.061972386207895
494,LP002585,Male,Yes,0,Graduate,No,3597,2157.0,119.0,360.0,0.0,Rural,N,4.77912349311153,5754.0,8.657650544111494,13.745068525656526
495,LP002586,Female,Yes,1,Graduate,No,3326,913.0,105.0,84.0,1.0,Semiurban,Y,4.653960350157523,4239.0,8.352082671352637,12.571714640726256
496,LP002587,Male,Yes,0,Not Graduate,No,2600,1700.0,107.0,360.0,1.0,Rural,Y,4.672828834461906,4300.0,8.366370301681654,12.789297645418925
497,LP002588,Male,Yes,0,Graduate,No,4625,2857.0,111.0,12.0,,Urban,Y,4.709530201312334,7482.0,8.920255414908091,12.44358987910703
498,LP002600,Male,Yes,1,Graduate,Yes,2895,0.0,95.0,360.0,1.0,Semiurban,Y,4.553876891600541,2895.0,7.970740390007095,11.918591667983737
499,LP002602,Male,No,0,Graduate,No,6283,4416.0,209.0,360.0,0.0,Rural,N,5.342334251964811,10699.0,9.277905558138606,22.5266358544321
500,LP002603,Female,No,0,Graduate,No,645,3683.0,113.0,480.0,1.0,Rural,Y,4.727387818712341,4328.0,8.372860820526318,13.495984517379906
501,LP002606,Female,No,0,Graduate,No,3159,0.0,100.0,360.0,1.0,Semiurban,Y,4.605170185988092,3159.0,8.058010800802085,12.410010667899094
502,LP002615,Male,Yes,2,Graduate,No,4865,5624.0,208.0,360.0,1.0,Semiurban,Y,5.337538079701318,10489.0,9.258082367961604,22.466855633063066
503,LP002618,Male,Yes,1,Not Graduate,No,4050,5302.0,138.0,360.0,,Rural,N,4.927253685157205,9352.0,9.143345503151904,15.09294381935239
504,LP002619,Male,Yes,0,Not Graduate,No,3814,1483.0,124.0,300.0,1.0,Semiurban,Y,4.820281565605037,5297.0,8.574895901544526,14.460816950286812
505,LP002622,Male,Yes,2,Graduate,No,3510,4416.0,243.0,360.0,1.0,Rural,Y,5.493061443340548,7926.0,8.97790377375038,27.066451827038296
506,LP002624,Male,Yes,0,Graduate,No,20833,6667.0,480.0,360.0,,Urban,Y,6.173786103901937,27500.0,10.221941283654663,46.957812286355164
507,LP002625,,No,0,Graduate,No,3583,0.0,96.0,360.0,1.0,Urban,N,4.564348191467836,3583.0,8.183955717304954,11.730268749745093
508,LP002626,Male,Yes,0,Graduate,Yes,2479,3013.0,188.0,360.0,1.0,Urban,Y,5.236441962829949,5492.0,8.61104776688786,21.832418666044113
509,LP002634,Female,No,1,Graduate,No,13262,0.0,40.0,360.0,1.0,Urban,Y,3.6888794541139363,13262.0,9.492658081928813,4.213782868272487
510,LP002637,Male,No,0,Not Graduate,No,3598,1287.0,100.0,360.0,1.0,Rural,N,4.605170185988092,4885.0,8.493924564476883,11.773120804276736
511,LP002640,Male,Yes,1,Graduate,No,6065,2004.0,250.0,360.0,1.0,Semiurban,Y,5.521460917862246,8069.0,8.995784837848506,27.79079363349821
512,LP002643,Male,Yes,2,Graduate,No,3283,2035.0,148.0,360.0,1.0,Urban,Y,4.997212273764115,5318.0,8.578852571802965,17.251724372376728
513,LP002648,Male,Yes,0,Graduate,No,2130,6666.0,70.0,180.0,1.0,Semiurban,N,4.248495242049359,8796.0,9.082052351674651,7.707508973683972
514,LP002652,Male,No,0,Graduate,No,5815,3666.0,311.0,360.0,1.0,Rural,N,5.739792912179234,9481.0,9.15704507491796,33.9629211667702
515,LP002659,Male,Yes,3+,Graduate,No,3466,3428.0,150.0,360.0,1.0,Rural,Y,5.0106352940962555,6894.0,8.83840674707681,16.97138458236385
516,LP002670,Female,Yes,2,Graduate,No,2031,1632.0,113.0,480.0,1.0,Semiurban,Y,4.727387818712341,3663.0,8.206037762778815,13.770348524661767
517,LP002682,Male,Yes,,Not Graduate,No,3074,1800.0,123.0,360.0,0.0,Semiurban,N,4.812184355372417,4874.0,8.491670234185152,14.484782923486064
518,LP002683,Male,No,0,Graduate,No,4683,1915.0,185.0,360.0,1.0,Semiurban,N,5.220355825078324,6598.0,8.794521851788527,21.03582242647755
519,LP002684,Female,No,0,Not Graduate,No,3400,0.0,95.0,360.0,1.0,Rural,N,4.553876891600541,3400.0,8.131530710604252,11.68291719984669
520,LP002689,Male,Yes,2,Not Graduate,No,2192,1742.0,45.0,360.0,1.0,Semiurban,Y,3.8066624897703196,3934.0,8.277411998949004,5.436481838250134
521,LP002690,Male,No,0,Graduate,No,2500,0.0,55.0,360.0,1.0,Semiurban,Y,4.007333185232471,2500.0,7.824046010856292,7.029611012471615
522,LP002692,Male,Yes,3+,Graduate,Yes,5677,1424.0,100.0,360.0,1.0,Rural,Y,4.605170185988092,7101.0,8.867990898182093,11.276511348303217
523,LP002693,Male,Yes,2,Graduate,Yes,7948,7166.0,480.0,360.0,1.0,Rural,Y,6.173786103901937,15114.0,9.623376745580666,49.87854187673053
524,LP002697,Male,No,0,Graduate,No,4680,2087.0,146.41216216216216,360.0,1.0,Semiurban,N,4.986425672954842,6767.0,8.819813136232225,16.60037008728607
525,LP002699,Male,Yes,2,Graduate,Yes,17500,0.0,400.0,360.0,1.0,Rural,Y,5.991464547107982,17500.0,9.769956159911606,40.94184185199241
526,LP002705,Male,Yes,0,Graduate,No,3775,0.0,110.0,360.0,1.0,Semiurban,Y,4.700480365792417,3775.0,8.236155661683124,13.355745631636182
527,LP002706,Male,Yes,1,Not Graduate,No,5285,1430.0,161.0,360.0,0.0,Semiurban,Y,5.081404364984463,6715.0,8.812099108957337,18.270334685222327
528,LP002714,Male,No,1,Not Graduate,No,2679,1302.0,94.0,360.0,1.0,Semiurban,Y,4.543294782270004,3981.0,8.289288323000317,11.339936112389513
529,LP002716,Male,No,0,Not Graduate,No,6783,0.0,130.0,360.0,1.0,Semiurban,Y,4.867534450455582,6783.0,8.82217476094608,14.735595646493286
530,LP002717,Male,Yes,0,Graduate,No,1025,5500.0,216.0,360.0,,Rural,Y,5.375278407684165,6525.0,8.783396232190894,24.59185425432206
531,LP002720,Male,Yes,3+,Graduate,No,4281,0.0,100.0,360.0,1.0,Urban,Y,4.605170185988092,4281.0,8.361941906144946,11.958944599520947
532,LP002723,Male,No,2,Graduate,No,3588,0.0,110.0,360.0,0.0,Rural,N,4.700480365792417,3588.0,8.185350223178686,13.438643063617475
533,LP002729,Male,No,1,Graduate,No,11250,0.0,196.0,360.0,,Semiurban,N,5.278114659230517,11250.0,9.328123407632566,21.01172887996171
534,LP002731,Female,No,0,Not Graduate,Yes,18165,0.0,125.0,360.0,1.0,Urban,Y,4.8283137373023015,18165.0,9.807251944655302,12.745670316762052
535,LP002732,Male,No,0,Not Graduate,No,2550,2042.0,126.0,360.0,1.0,Rural,Y,4.836281906951478,4592.0,8.432070937999402,14.94294828950939
536,LP002734,Male,Yes,0,Graduate,No,6133,3906.0,324.0,360.0,1.0,Urban,Y,5.780743515792329,10039.0,9.214232786691527,35.16299267671702
537,LP002738,Male,No,2,Graduate,No,3617,0.0,107.0,360.0,1.0,Semiurban,Y,4.672828834461906,3617.0,8.193400231952097,13.059291255262773
538,LP002739,Male,Yes,0,Not Graduate,No,2917,536.0,66.0,360.0,1.0,Rural,N,4.189654742026425,3453.0,8.146998697389993,8.101142819765522
539,LP002740,Male,Yes,3+,Graduate,No,6417,0.0,157.0,180.0,1.0,Rural,Y,5.056245805348308,6417.0,8.766705997750515,17.908664901079753
540,LP002741,Female,Yes,1,Graduate,No,4608,2845.0,140.0,180.0,1.0,Semiurban,Y,4.941642422609304,7453.0,8.916371914881694,15.701453611006936
541,LP002743,Female,No,0,Graduate,No,2138,0.0,99.0,360.0,0.0,Semiurban,N,4.59511985013459,2138.0,7.6676260915849905,12.911427711459455
542,LP002753,Female,No,1,Graduate,No,3652,0.0,95.0,360.0,1.0,Semiurban,Y,4.553876891600541,3652.0,8.20303024171486,11.581086159709203
543,LP002755,Male,Yes,1,Not Graduate,No,2239,2524.0,128.0,360.0,1.0,Urban,Y,4.852030263919617,4763.0,8.46863300080086,15.11459995820994
544,LP002757,Female,Yes,0,Not Graduate,No,3017,663.0,102.0,360.0,,Semiurban,Y,4.624972813284271,3680.0,8.210668031162976,12.422862501914173
545,LP002767,Male,Yes,0,Graduate,No,2768,1950.0,155.0,360.0,1.0,Rural,Y,5.043425116919247,4718.0,8.45914025996762,18.323375099184524
546,LP002768,Male,No,0,Not Graduate,No,3358,0.0,80.0,36.0,1.0,Semiurban,N,4.382026634673881,3358.0,8.119100837637486,9.853307847729427
547,LP002772,Male,No,0,Graduate,No,2526,1783.0,145.0,360.0,1.0,Rural,Y,4.976733742420574,4309.0,8.368461137615839,17.326961028501625
548,LP002776,Female,No,0,Graduate,No,5000,0.0,103.0,360.0,0.0,Semiurban,N,4.634728988229636,5000.0,8.517193191416238,12.093185828378887
549,LP002777,Male,Yes,0,Graduate,No,2785,2016.0,110.0,360.0,1.0,Rural,Y,4.700480365792417,4801.0,8.476579508530941,12.976932486658628
550,LP002778,Male,Yes,2,Graduate,Yes,6633,0.0,146.41216216216216,360.0,0.0,Rural,N,4.986425672954842,6633.0,8.799812469525556,16.638100262840716
551,LP002784,Male,Yes,1,Not Graduate,No,2492,2375.0,146.41216216216216,360.0,1.0,Rural,Y,4.986425672954842,4867.0,8.490233009833455,17.24477549586524
552,LP002785,Male,Yes,1,Graduate,No,3333,3250.0,158.0,360.0,1.0,Urban,Y,5.062595033026967,6583.0,8.792245847467877,17.970380121422927
553,LP002788,Male,Yes,0,Not Graduate,No,2454,2333.0,181.0,360.0,0.0,Urban,N,5.198497031265826,4787.0,8.473659189392508,21.360311520031313
554,LP002789,Male,Yes,0,Graduate,No,3593,4266.0,132.0,180.0,0.0,Rural,N,4.882801922586371,7859.0,8.969414650866176,14.716679419793884
555,LP002792,Male,Yes,1,Graduate,No,5468,1032.0,26.0,360.0,1.0,Semiurban,Y,3.258096538021482,6500.0,8.779557455883728,2.9614248930708666
556,LP002794,Female,No,0,Graduate,No,2667,1625.0,84.0,360.0,,Urban,Y,4.430816798843313,4292.0,8.36450810375059,10.042431540276105
557,LP002795,Male,Yes,3+,Graduate,Yes,10139,0.0,260.0,360.0,1.0,Semiurban,Y,5.560681631015528,10139.0,9.22414465295258,28.18689534717736
558,LP002798,Male,Yes,0,Graduate,No,3887,2669.0,162.0,360.0,1.0,Semiurban,Y,5.087596335232384,6556.0,8.78813593986372,18.433943342313864
559,LP002804,Female,Yes,0,Graduate,No,4180,2306.0,182.0,360.0,1.0,Semiurban,Y,5.204006687076795,6486.0,8.777401286867264,20.735066570592842
560,LP002807,Male,Yes,2,Not Graduate,No,3675,242.0,108.0,360.0,1.0,Semiurban,Y,4.68213122712422,3917.0,8.27308133366583,13.054386345812079
561,LP002813,Female,Yes,1,Graduate,Yes,19484,0.0,600.0,360.0,1.0,Semiurban,Y,6.396929655216146,19484.0,9.877348894926433,60.745044685846224
562,LP002820,Male,Yes,0,Graduate,No,5923,2054.0,211.0,360.0,1.0,Rural,Y,5.351858133476067,7977.0,8.984317679911129,23.485367227362687
563,LP002821,Male,No,0,Not Graduate,Yes,5800,0.0,132.0,360.0,1.0,Semiurban,Y,4.882801922586371,5800.0,8.66561319653451,15.232620820507947
564,LP002832,Male,Yes,2,Graduate,No,8799,0.0,258.0,360.0,0.0,Urban,N,5.552959584921617,8799.0,9.08239335764556,28.40660934188845
565,LP002833,Male,Yes,0,Not Graduate,No,4467,0.0,120.0,360.0,,Rural,Y,4.787491742782046,4467.0,8.404472321352118,14.278112344439764
566,LP002836,Male,No,0,Graduate,No,3333,0.0,70.0,360.0,1.0,Urban,Y,4.248495242049359,3333.0,8.11162807830774,8.629586973692154
567,LP002837,Male,Yes,3+,Graduate,No,3400,2500.0,123.0,360.0,0.0,Rural,N,4.812184355372417,5900.0,8.68270762989381,14.166087958152783
568,LP002840,Female,No,0,Graduate,No,2378,0.0,9.0,360.0,1.0,Urban,N,2.1972245773362196,2378.0,7.774015077250727,1.1577029257811577
569,LP002841,Male,Yes,0,Graduate,No,3166,2064.0,104.0,360.0,0.0,Urban,N,4.6443908991413725,5230.0,8.56216655705897,12.146458411774123
570,LP002842,Male,Yes,1,Graduate,No,3417,1750.0,186.0,360.0,1.0,Urban,Y,5.225746673713202,5167.0,8.550047528287184,21.754265035911565
571,LP002847,Male,Yes,,Graduate,No,5116,1451.0,165.0,360.0,0.0,Urban,N,5.10594547390058,6567.0,8.789812386190972,18.771731721967054
572,LP002855,Male,Yes,2,Graduate,No,16666,0.0,275.0,360.0,1.0,Urban,Y,5.616771097666572,16666.0,9.721125994942152,28.288903995594847
573,LP002862,Male,Yes,2,Not Graduate,No,6125,1625.0,187.0,480.0,1.0,Semiurban,N,5.231108616854587,7750.0,8.955448122347393,20.881143795960458
574,LP002863,Male,Yes,3+,Graduate,No,6406,0.0,150.0,360.0,1.0,Semiurban,N,5.0106352940962555,6406.0,8.764990330169104,17.113538560755725
575,LP002868,Male,Yes,2,Graduate,No,3159,461.0,108.0,84.0,1.0,Urban,Y,4.68213122712422,3620.0,8.194229304819817,13.180007049165047
576,LP002872,,Yes,0,Graduate,No,3087,2210.0,136.0,360.0,0.0,Semiurban,N,4.912654885736052,5297.0,8.574895901544526,15.860250848701666
577,LP002874,Male,No,0,Graduate,No,3229,2739.0,110.0,360.0,1.0,Urban,Y,4.700480365792417,5968.0,8.694167141883597,12.652160719349643
578,LP002877,Male,Yes,1,Graduate,No,1782,2232.0,107.0,360.0,1.0,Rural,Y,4.672828834461906,4014.0,8.297543529356284,12.895382786657217
579,LP002888,Male,No,0,Graduate,No,3182,2917.0,161.0,360.0,1.0,Urban,Y,5.081404364984463,6099.0,8.715880102296456,18.472030146167317
580,LP002892,Male,Yes,2,Graduate,No,6540,0.0,205.0,360.0,1.0,Semiurban,Y,5.3230099791384085,6540.0,8.785692444451245,23.33339134008399
581,LP002893,Male,No,0,Graduate,No,1836,33837.0,90.0,360.0,1.0,Urban,N,4.499809670330265,35673.0,10.482149379105689,8.586025322191944
582,LP002894,Female,Yes,0,Graduate,No,3166,0.0,36.0,360.0,1.0,Semiurban,Y,3.58351893845611,3166.0,8.060224240440958,4.466376979858133
583,LP002898,Male,Yes,1,Graduate,No,1880,0.0,61.0,360.0,,Rural,N,4.110873864173311,1880.0,7.539027055823995,8.091229749981693
584,LP002911,Male,Yes,1,Graduate,No,2787,1917.0,146.0,360.0,0.0,Rural,N,4.983606621708336,4704.0,8.456168489578463,17.265502713188965
585,LP002912,Male,Yes,1,Graduate,No,4283,3000.0,172.0,84.0,1.0,Rural,N,5.147494476813453,7283.0,8.893298144217916,19.34040636114599
586,LP002916,Male,Yes,0,Graduate,No,2297,1522.0,104.0,360.0,1.0,Urban,Y,4.6443908991413725,3819.0,8.247743887225516,12.609508905954266
587,LP002917,Female,No,0,Not Graduate,No,2165,0.0,70.0,360.0,1.0,Semiurban,Y,4.248495242049359,2165.0,7.68017564043659,9.11437488896032
588,LP002925,,No,0,Graduate,No,4750,0.0,94.0,360.0,1.0,Semiurban,Y,4.543294782270004,4750.0,8.465899897028686,11.10336776282833
589,LP002926,Male,Yes,2,Graduate,Yes,2726,0.0,106.0,360.0,0.0,Semiurban,N,4.663439094112067,2726.0,7.9105906122564775,13.399758020060622
590,LP002928,Male,Yes,0,Graduate,No,3000,3416.0,56.0,180.0,1.0,Semiurban,Y,4.02535169073515,6416.0,8.766550149546351,6.387917600961637
591,LP002931,Male,Yes,2,Graduate,Yes,6000,0.0,205.0,240.0,1.0,Semiurban,N,5.3230099791384085,6000.0,8.699514748210191,23.564532727779557
592,LP002933,,No,3+,Graduate,Yes,9357,0.0,292.0,360.0,1.0,Semiurban,Y,5.676753802268282,9357.0,9.143880005275912,31.93392737344753
593,LP002936,Male,Yes,0,Graduate,No,3859,3300.0,142.0,180.0,1.0,Rural,Y,4.955827057601261,7159.0,8.876125585396185,15.997971032950616
594,LP002938,Male,Yes,0,Graduate,Yes,16120,0.0,260.0,360.0,1.0,Urban,Y,5.560681631015528,16120.0,9.68781601606062,26.837834200088828
595,LP002940,Male,No,0,Not Graduate,No,3833,0.0,110.0,360.0,1.0,Rural,Y,4.700480365792417,3833.0,8.251403065380556,13.331066138498809
596,LP002941,Male,Yes,2,Not Graduate,Yes,6383,1000.0,187.0,360.0,1.0,Rural,N,5.231108616854587,7383.0,8.906935339059165,20.99487566502899
597,LP002943,Male,No,,Graduate,No,2987,0.0,88.0,360.0,0.0,Semiurban,N,4.477336814478207,2987.0,8.00202481821611,10.997216579442929
598,LP002945,Male,Yes,0,Graduate,Yes,9963,0.0,180.0,360.0,1.0,Rural,Y,5.19295685089021,9963.0,9.206633510044856,19.55112037463116
599,LP002948,Male,Yes,2,Graduate,No,5780,0.0,192.0,360.0,1.0,Urban,Y,5.2574953720277815,5780.0,8.662158961666423,22.16537480432743
600,LP002949,Female,No,3+,Graduate,No,416,41667.0,350.0,180.0,,Urban,N,5.857933154483459,42083.0,10.647399137646048,32.871877486258946
601,LP002950,Male,Yes,0,Not Graduate,No,2894,2792.0,155.0,360.0,1.0,Rural,Y,5.043425116919247,5686.0,8.645762292210945,17.92785815307935
602,LP002953,Male,Yes,3+,Graduate,No,5703,0.0,128.0,360.0,1.0,Urban,Y,4.852030263919617,5703.0,8.648747631156539,14.799830618121923
603,LP002958,Male,No,0,Graduate,No,3676,4301.0,172.0,360.0,1.0,Rural,Y,5.147494476813453,7977.0,8.984317679911129,19.144469967328824
604,LP002959,Female,Yes,1,Graduate,No,12000,0.0,496.0,360.0,1.0,Semiurban,Y,6.206575926724928,12000.0,9.392661928770137,52.80718115497484
605,LP002960,Male,Yes,0,Not Graduate,No,2400,3800.0,146.41216216216216,180.0,1.0,Urban,N,4.986425672954842,6200.0,8.732304571033183,16.76672646621155
606,LP002961,Male,Yes,1,Graduate,No,3400,2500.0,173.0,360.0,1.0,Semiurban,Y,5.153291594497779,5900.0,8.68270762989381,19.924660298865295
607,LP002964,Male,Yes,2,Not Graduate,No,3987,1411.0,157.0,360.0,1.0,Rural,Y,5.056245805348308,5398.0,8.59378379357795,18.269019069030403
608,LP002974,Male,Yes,0,Graduate,No,3232,1950.0,108.0,360.0,1.0,Rural,Y,4.68213122712422,5182.0,8.552946361122055,12.627227558788473
609,LP002978,Female,No,0,Graduate,No,2900,0.0,71.0,360.0,1.0,Rural,Y,4.2626798770413155,2900.0,7.9724660159745655,8.90565100656887
610,LP002979,Male,Yes,3+,Graduate,No,4106,0.0,40.0,180.0,1.0,Rural,Y,3.6888794541139363,4106.0,8.32020459757888,4.807574084372843
611,LP002983,Male,Yes,1,Graduate,No,8072,240.0,253.0,360.0,1.0,Urban,Y,5.53338948872752,8312.0,9.025455532779063,28.031826103529404
612,LP002984,Male,Yes,2,Graduate,No,7583,0.0,187.0,360.0,1.0,Urban,Y,5.231108616854587,7583.0,8.933664178700935,20.93206060351287
613,LP002990,Female,No,0,Graduate,Yes,4583,0.0,133.0,360.0,0.0,Semiurban,N,4.890349128221754,4583.0,8.430109084509125,15.776782799216225
